srand key: 1580696133
=== START x8192 ================================
 18 16 16 22 16 16 16 16 16 16 16 16 16 16 16 16
 16 18 16 16 16 16 16 16 22 16 16 16 18 16 16 16
 16 22 16 16 16 16 16 18 18 16 16 16 16 16 16 22
 16 16 16 16 16 16 22 16 16 18 16 16 16 16 16 16
 18 16 16 16 16 16 16 16 16 18 16 16 16 16 16 18
 16 18 16 16 16 16 16 16 22 22 16 22 16 18 16 16
 16 18 22 22 16 16 16 18 16 22 16 16 16 16 16 22
 16 22 22 16 16 16 16 16 22 18 16 18 16 18 16 16
 22 18 16 16 16 16 16 16 16 16 22 16 16 16 16 16
 16 16 16 16 18 22 16 22 16 16 16 16 16 22 16 16
 16 16 16 16 16 16 16 16 16 16 16 16 16 18 16 16
 16 16 16 16 16 16 16 18 16 18 22 16 18 16 16 16
 22 22 22 22 16 16 16 16 16 16 16 16 16 16 16 22
 16 22 22 16 16 22 16 16 16 22 18 16 16 22 16 18
 16 18 16 16 18 18 16 22 16 16 16 16 22 16 16 16
 16 18 16 16 16 16 16 16 16 16 16 16 22 16 16 16
 16 16 16 22 16 16 16 16 16 16 16 16 16 16 16 16
 16 16 16 16 16 16 16 22 18 22 16 18 18 22 18 16
 16 22 16 16 22 16 22 18 16 16 16 22 16 16 16 22
 16 16 22 16 16 16 16 16 16 22 16 16 16 16 16 22
 22 16 16 16 22 16 16 18 16 16 16 16 18 16 16 16
 18 22 16 16 16 16 16 16 16 16 16 22 16 16 16 16
 22 16 16 16 16 18 16 18 16 16 22 18 16 16 16 16
 16 16 18 16 22 16 16 16 16 16 16 16 16 16 16 16
 16 16 16 16 16 16 16 16 16 16 16 16 16 16 16 16
 16 16 16 16 16 16 16 16 22 16 16 16 22 16 16 16
 16 16 22 16 16 16 16 18 16 16 16 22 22 18 16 16
 16 16 16 16 18 22 18 22 16 16 16 16 16 22 16 16
 22 16 16 16 16 22 22 16 16 16 16 22 16 16 22 18
 16 16 16 16 16 22 22 16 16 16 16 16 16 16 16 22
 22 16 16 16 16 18 16 16 16 16 16 16 16 16 16 22
 16 16 22 16 16 16 16 22 18 16 16 16 16 16 18 16
 16 18 16 16 16 16 16 16 22 16 16 16 16 16 16 16
 16 22 16 16 22 16 18 16 16 22 16 18 18 16 16 16
 22 16 18 16 16 18 18 16 16 18 16 22 16 16 16 16
 16 16 16 18 18 16 16 16 16 16 16 22 22 22 16 18
 16 16 16 22 16 16 16 22 16 22 18 16 18 22 16 16
 16 16 22 16 16 16 16 16 16 16 16 22 16 16 16 22
 18 16 16 16 16 16 22 22 18 16 16 16 16 18 16 16
 16 22 16 16 16 16 16 16 22 16 16 22 16 16 16 16
 18 16 16 16 16 16 22 16 16 16 18 16 16 16 16 18
 16 16 16 16 16 16 16 16 22 22 16 16 16 18 16 16
 16 16 16 18 16 16 16 22 16 16 16 16 16 16 16 22
 16 16 18 16 16 18 16 16 16 16 16 16 16 22 18 16
 16 22 16 16 16 18 16 18 18 16 16 16 16 16 16 18
 18 18 16 16 18 16 16 22 16 16 22 16 18 16 22 16
 16 22 16 16 16 22 22 16 18 16 16 16 18 16 16 18
 16 22 16 16 16 16 22 22 16 16 16 16 16 16 16 16
 18 18 16 22 16 16 16 16 16 16 18 16 16 16 16 16
 16 16 18 16 18 18 16 22 16 16 16 16 16 16 16 22
 16 16 18 16 16 16 18 16 16 16 16 16 16 18 16 16
 18 16 16 16 16 16 16 16 22 16 16 16 18 16 18 16
 18 18 16 18 16 18 16 18 16 16 16 16 16 16 16 16
 16 16 16 22 16 16 16 16 16 16 18 16 16 16 16 16
 16 16 16 16 18 16 16 16 18 16 16 22 16 16 16 16
 16 16 16 16 18 16 16 18 16 16 16 18 16 16 16 18
 16 16 22 18 16 16 16 18 16 16 16 16 16 16 18 16
 16 16 18 16 16 22 16 16 16 16 16 16 18 18 22 22
 18 16 16 16 16 16 22 16 16 16 16 16 16 18 18 16
 16 16 22 16 16 22 16 16 16 22 16 22 22 22 16 16
 16 16 16 16 16 22 16 16 16 16 16 16 16 18 16 16
 16 16 18 18 16 16 22 16 16 22 16 16 16 16 18 16
 16 16 16 16 16 16 18 16 22 16 18 18 16 22 16 16
 16 18 16 22 16 18 18 16 16 16 22 16 22 16 16 16
 16 16 22 16 16 16 16 16 22 16 16 16 16 16 18 16
 16 16 16 22 16 16 16 18 16 16 16 16 22 16 16 22
 18 16 16 22 16 16 16 18 16 16 16 18 16 16 16 16
 16 16 16 16 22 22 16 16 18 16 16 18 22 16 16 16
 16 16 16 16 16 16 16 16 18 16 16 16 16 16 16 16
 16 22 16 22 16 16 16 16 16 18 16 22 16 16 16 16
 16 16 22 16 16 16 22 16 16 18 16 16 16 16 16 16
 22 16 16 16 16 16 16 16 16 16 16 16 16 22 22 22
 16 16 16 16 16 16 16 16 16 16 16 16 16 16 16 16
 16 18 16 18 16 16 16 16 16 22 18 16 22 16 18 18
 16 16 16 16 16 22 16 16 22 16 16 16 16 16 16 16
 16 16 22 16 16 16 16 16 16 16 16 22 16 16 16 16
 16 16 16 16 22 16 16 16 16 16 16 22 16 16 18 16
 16 18 16 22 16 16 16 22 16 16 16 16 18 16 16 16
 16 22 16 16 16 16 16 16 16 16 16 16 22 16 22 16
 22 18 18 16 16 16 16 16 16 16 16 16 16 16 16 16
 16 16 16 16 16 16 16 16 22 16 16 16 18 16 16 16
 16 16 16 18 18 16 16 16 18 16 16 16 18 16 16 16
 16 16 16 16 18 16 16 16 16 16 18 16 22 16 16 16
 16 22 16 16 16 16 16 16 16 16 18 16 18 16 18 16
 22 16 16 16 16 16 16 16 16 16 16 16 16 16 16 16
 22 16 22 22 22 16 18 16 16 16 16 16 16 16 18 16
 18 16 16 16 16 22 16 16 16 16 18 18 16 16 16 22
 16 16 16 18 16 16 16 22 16 18 16 16 16 18 16 16
 16 22 18 22 16 22 16 16 22 16 22 16 16 16 18 16
 16 16 16 16 16 16 16 18 18 16 16 18 16 22 16 16
 16 16 16 22 16 16 16 16 22 22 16 16 16 16 16 18
 18 16 16 22 18 18 16 16 16 18 16 16 16 18 16 16
 18 18 16 16 16 16 16 18 16 22 22 16 18 16 16 16
 16 16 16 16 16 22 16 16 16 16 16 16 16 16 16 16
 16 16 16 22 22 16 18 18 16 16 18 16 16 16 18 16
 16 16 18 18 16 16 16 16 18 16 16 16 22 16 16 16
 16 16 22 16 16 16 16 22 16 16 16 16 18 16 16 16
 16 16 16 16 16 22 22 16 18 16 22 16 18 16 16 16
 16 16 16 16 16 16 18 22 16 16 16 16 16 16 16 16
 16 16 16 16 16 16 18 16 16 16 16 22 16 16 16 16
 16 22 16 16 16 16 16 18 16 16 16 18 16 16 16 16
 16 16 16 16 18 16 16 16 16 18 16 16 16 16 16 16
 16 16 16 16 16 18 16 16 22 16 16 16 16 16 18 16
 16 16 16 16 18 16 18 16 16 18 16 18 22 22 16 16
 16 18 16 22 16 16 16 18 22 16 16 16 16 16 16 22
 16 16 16 18 18 16 16 16 16 16 16 16 18 16 16 16
 18 16 16 16 16 22 16 18 16 16 16 16 16 16 22 16
 16 18 16 16 16 16 16 16 16 16 16 16 16 16 16 16
 16 18 18 16 16 18 16 18 16 18 22 22 16 16 18 16
 16 16 16 22 18 16 16 16 16 16 16 16 16 22 16 16
 16 16 18 16 22 16 16 16 16 18 16 16 16 22 16 18
 16 18 16 16 16 18 18 22 16 16 16 18 22 16 16 16
 16 16 16 16 16 16 16 16 16 16 16 16 16 16 16 16
 16 16 16 16 16 16 16 18 16 22 16 16 22 16 16 16
 18 16 16 16 22 16 16 16 18 16 16 16 18 18 16 16
 18 16 16 16 16 16 18 22 16 16 16 16 16 16 16 16
 16 18 16 16 16 18 16 16 16 22 16 16 16 16 16 18
 16 16 16 22 16 16 16 22 16 16 22 22 16 22 16 18
 16 22 16 16 16 16 16 18 16 16 16 16 22 16 16 22
 16 22 16 16 16 16 16 16 22 16 16 18 16 16 16 18
 18 16 16 18 16 16 16 16 18 18 16 16 16 16 16 16
 16 16 16 16 16 16 16 16 16 18 16 18 18 16 16 16
 22 16 16 18 18 16 16 16 16 16 16 16 16 16 18 16
 16 16 16 16 16 16 16 16 16 16 16 16 16 16 16 16
 16 16 16 16 18 16 16 16 18 16 18 16 16 16 16 16
 18 18 16 16 18 16 16 16 22 18 16 16 16 16 16 16
 16 18 18 16 16 16 16 16 22 16 16 16 16 16 18 16
 16 18 16 22 16 16 16 16 16 18 16 22 16 16 16 16
 22 16 16 18 22 18 16 16 22 16 18 16 16 16 22 16
 16 18 16 16 16 16 16 22 22 16 16 16 22 16 22 16
 18 16 16 16 22 16 16 18 16 16 22 16 22 16 22 16
 16 16 16 16 16 16 18 16 16 16 16 22 22 16 16 16
 18 22 22 22 16 16 16 16 18 16 18 18 16 22 16 16
 16 16 22 16 16 16 22 16 16 16 16 16 16 16 16 16
 16 16 22 16 16 22 16 18 18 22 16 16 16 18 18 16
 16 16 16 16 16 16 16 16 16 16 16 16 18 18 16 16
 16 16 16 16 16 16 16 16 16 18 16 16 16 16 16 16
 16 16 16 16 22 16 22 16 18 22 16 16 16 16 16 22
 16 18 16 18 18 18 16 16 16 18 16 22 18 16 18 16
 16 16 16 16 16 16 16 16 18 16 18 16 18 18 16 16
 16 18 18 16 22 16 22 16 16 16 16 16 16 22 18 16
 16 22 22 16 16 16 16 16 16 16 16 18 16 16 16 16
 22 16 22 16 18 16 18 18 16 16 22 16 16 16 22 18
 16 16 18 16 16 16 16 16 22 16 18 16 16 16 16 16
 16 16 16 16 18 16 16 16 16 16 18 18 16 16 16 16
 16 16 16 18 16 16 16 16 22 18 16 18 16 16 16 16
 18 16 16 16 16 16 16 16 16 22 16 16 18 16 22 18
 16 16 22 16 16 16 16 16 16 22 16 22 22 16 16 16
 22 16 16 16 18 16 18 16 16 18 16 16 16 16 16 16
 22 16 18 16 16 18 22 16 16 22 22 16 22 16 16 16
 16 22 16 16 16 22 22 18 18 16 16 16 16 16 16 16
 16 16 16 16 18 18 16 16 16 18 16 16 16 16 18 18
 22 16 18 16 16 22 16 16 16 18 16 16 16 18 16 16
 22 16 22 16 16 16 16 16 16 18 16 16 16 16 18 16
 16 22 18 16 16 16 16 22 22 16 16 16 16 22 16 16
 16 22 16 16 16 16 16 16 16 22 16 16 16 16 18 16
 16 16 18 16 16 18 16 16 16 16 16 18 16 16 18 16
 16 16 16 16 18 16 16 16 16 16 16 16 16 18 16 16
 18 16 16 22 16 16 16 16 16 16 16 16 16 18 16 18
 18 16 16 22 22 16 22 16 22 16 16 16 16 22 16 16
 16 16 16 16 16 16 16 22 16 16 16 16 18 16 22 16
 16 16 16 18 16 16 16 16 16 16 16 16 16 22 18 16
 16 16 22 22 16 16 16 16 16 22 16 16 16 22 16 16
 16 22 18 16 16 16 16 16 16 16 16 16 16 16 16 16
 16 16 22 22 18 16 18 16 22 16 16 18 16 16 22 16
 16 16 16 16 16 16 16 16 16 16 16 16 16 16 16 18
 18 16 16 16 18 16 22 22 22 18 18 16 16 16 16 16
 16 16 16 16 16 16 18 16 16 16 16 16 22 16 22 16
 22 16 16 16 16 16 16 16 16 16 16 16 18 16 22 16
 16 16 22 16 16 16 22 16 16 18 16 16 16 16 16 16
 16 16 16 22 16 16 16 16 18 16 16 16 16 18 16 16
 16 16 16 18 16 18 16 16 16 16 16 16 16 16 22 16
 16 16 16 16 16 16 16 16 16 16 16 16 22 16 16 22
 22 18 16 16 16 16 16 16 18 16 16 16 16 16 16 16
 16 16 18 16 18 16 16 16 16 16 16 16 16 16 16 16
 18 16 18 16 16 16 16 16 16 16 16 22 16 16 16 16
 16 16 18 16 18 16 16 16 16 16 16 18 16 16 16 16
 16 16 16 16 16 16 16 22 22 16 16 16 16 16 16 22
 16 16 16 16 18 16 16 16 16 16 16 16 16 18 18 16
 18 18 16 16 16 16 16 16 16 16 16 16 16 16 16 16
 16 18 16 16 16 16 22 16 16 16 16 16 16 18 16 16
 18 16 22 16 16 22 16 16 16 16 18 22 16 22 16 16
 16 16 16 16 16 22 16 16 16 18 22 16 16 16 16 16
 16 16 16 16 16 16 18 16 16 16 16 16 16 16 18 22
 16 16 22 16 16 16 16 16 18 18 22 16 16 18 22 16
 16 16 16 16 16 16 16 16 16 16 22 16 18 16 16 16
 16 16 16 16 16 18 16 16 18 16 16 16 16 16 16 18
 18 16 16 18 16 18 16 16 18 16 22 22 16 22 16 22
 16 16 16 16 16 16 16 22 16 22 16 16 16 16 16 16
 16 16 16 16 18 16 18 22 16 16 22 16 16 16 22 16
 22 16 16 16 16 16 22 18 18 16 16 16 16 16 16 22
 16 18 16 16 18 18 16 18 22 16 16 16 16 22 16 16
 22 16 16 18 16 16 22 16 16 22 16 16 18 16 16 16
 16 18 16 16 16 16 16 22 16 16 16 16 16 18 16 16
 22 16 16 18 16 22 16 16 16 18 18 16 16 22 16 16
 16 16 16 16 18 16 16 16 16 22 16 16 16 16 16 18
 22 16 16 18 16 16 22 16 16 16 16 16 16 16 16 16
 18 16 16 18 22 16 16 16 16 16 16 16 18 16 16 16
 22 16 22 16 22 16 16 16 16 18 16 16 16 16 16 16
 16 16 22 16 18 22 16 16 18 16 16 16 16 16 22 16
 16 16 22 22 22 16 16 16 16 22 16 16 16 16 16 16
 16 16 16 16 16 18 16 16 16 18 16 16 16 16 16 16
 16 22 16 16 22 16 16 16 18 16 16 16 16 22 16 16
 16 16 16 16 18 18 16 18 16 16 22 16 16 16 18 16
 16 16 16 18 16 16 16 16 18 16 16 16 16 18 16 16
 18 16 16 16 22 18 22 18 18 22 16 22 16 16 16 22
 16 16 16 16 16 16 16 16 16 16 18 22 22 18 22 16
 16 16 16 18 22 22 16 16 16 18 16 16 16 16 22 16
 22 16 16 16 16 16 16 22 16 16 22 22 16 16 16 16
 16 16 16 16 16 16 18 16 18 16 16 16 16 16 16 16
 16 16 22 16 16 16 18 16 18 16 22 16 16 16 16 18
 16 16 22 16 16 18 16 18 16 16 16 16 18 16 16 16
 18 16 16 16 16 16 16 16 16 16 16 16 16 18 18 16
 18 16 16 16 22 16 16 16 16 18 16 16 16 16 16 16
 16 16 16 16 16 16 18 16 16 16 16 16 16 16 18 22
 16 18 22 22 16 18 16 16 16 16 16 16 16 16 16 16
 16 16 16 16 16 16 16 16 16 16 16 16 16 16 16 16
 16 22 18 16 16 16 16 16 16 18 22 16 16 16 16 16
 16 16 16 18 16 16 16 16 16 18 18 18 16 16 16 16
 16 22 22 16 16 22 16 16 18 22 16 16 16 16 16 16
 22 16 16 16 16 16 16 16 22 16 16 16 16 18 18 16
 18 16 16 18 18 16 16 16 16 16 16 16 16 16 16 16
 16 16 16 16 18 16 18 16 16 16 22 16 16 16 16 16
 16 16 16 18 18 16 16 22 16 16 16 16 16 16 16 16
 18 16 18 22 16 18 18 16 18 22 16 16 16 22 16 16
 18 16 16 16 16 16 16 22 22 18 18 22 16 16 16 22
 16 16 22 18 16 18 16 16 22 16 18 16 18 16 22 16
 16 16 16 16 16 18 16 16 16 16 22 16 16 22 16 22
 16 22 16 16 16 16 16 18 16 16 16 16 16 16 16 16
 16 16 18 16 22 16 16 16 16 16 16 22 18 18 18 22
 16 16 22 16 22 16 16 16 16 16 22 16 22 22 22 16
 16 16 18 16 16 16 16 16 22 16 16 16 16 16 16 18
 16 16 16 16 16 16 18 16 22 16 16 16 16 16 16 16
 16 16 16 16 16 16 16 16 16 16 16 18 16 16 18 16
 16 16 16 16 16 16 16 16 22 18 16 16 16 16 16 16
 16 16 18 16 16 22 16 16 22 16 18 22 22 16 16 16
 16 16 16 16 16 16 18 16 18 18 22 18 16 16 16 16
 16 16 16 22 22 22 16 16 16 16 22 16 22 16 16 16
 22 16 16 16 16 18 16 16 16 16 16 16 22 16 16 16
 16 16 16 16 16 16 18 22 16 16 16 16 16 16 16 16
 18 16 16 16 16 22 16 16 16 16 18 16 18 16 16 16
 18 18 16 16 18 16 16 16 18 16 16 16 16 16 16 16
 16 22 16 16 16 16 16 16 16 16 16 18 16 22 16 16
 16 16 16 16 16 18 16 16 22 16 16 22 16 16 16 16
 16 16 22 22 16 22 16 16 16 16 16 16 22 16 16 16
 16 16 16 18 16 22 16 22 18 18 16 18 22 16 16 18
 22 22 16 16 16 16 22 22 22 22 16 22 16 16 16 18
 16 16 16 16 16 16 16 16 22 16 16 16 16 18 16 18
 16 18 18 16 16 16 16 16 16 16 16 16 16 16 16 16
 16 16 16 22 16 18 16 16 16 16 22 16 16 16 16 16
 16 16 16 18 16 16 16 22 16 16 16 18 16 18 16 16
 16 16 16 16 16 16 16 16 16 16 22 16 16 16 18 16
 22 16 16 18 16 18 16 16 16 16 22 16 16 18 16 22
 16 16 16 16 18 16 22 16 16 16 16 16 16 16 16 22
 16 16 16 18 18 16 16 18 16 16 16 16 16 16 16 16
 16 18 16 16 16 16 16 16 22 16 22 18 16 16 16 16
 16 16 16 16 22 16 16 16 16 16 16 16 16 16 18 16
 16 16 22 16 16 16 22 16 16 16 16 18 16 16 16 16
 16 16 16 16 16 16 16 16 16 22 16 18 16 16 16 16
 22 18 16 16 16 16 16 16 16 22 16 16 22 16 22 16
 16 16 16 16 16 16 18 16 16 18 22 16 18 22 18 16
 18 16 16 16 18 16 16 16 22 16 16 16 18 22 16 16
 18 16 16 16 18 16 18 16 16 16 16 18 22 16 16 22
 16 16 16 16 16 16 16 16 16 16 16 16 16 22 16 18
 16 16 16 22 16 16 22 16 22 16 16 16 16 16 16 16
 16 16 16 16 16 18 16 18 22 16 22 16 16 22 16 16
 16 18 16 16 16 16 16 16 18 22 16 16 16 16 16 16
 16 16 18 16 16 16 16 16 18 16 16 16 16 16 16 16
 16 16 16 16 16 18 16 22 18 16 16 16 16 18 16 16
 18 16 16 18 16 22 16 16 16 16 16 16 16 16 16 16
 16 16 16 16 16 16 16 22 16 16 16 16 22 18 16 18
 22 18 22 16 16 16 22 16 16 16 16 16 16 22 22 16
 16 16 16 16 16 16 16 18 16 16 18 16 16 22 18 16
 16 22 16 16 22 16 16 18 22 22 16 16 16 16 16 18
 16 18 16 16 16 22 16 16 18 16 22 16 16 16 16 18
 16 16 16 16 16 16 16 16 16 16 16 18 16 16 16 16
 18 16 16 16 16 22 16 16 16 18 18 16 16 16 22 22
 22 16 16 16 16 16 22 16 16 16 16 16 16 16 16 16
 22 16 18 22 18 16 18 16 16 18 18 16 18 16 22 16
 16 18 18 18 16 16 16 18 16 22 16 18 16 16 16 16
 16 16 16 18 16 16 16 16 16 18 16 16 16 18 16 22
 16 16 16 18 16 16 16 18 16 16 16 16 16 18 16 16
 16 16 16 16 22 16 16 16 16 16 16 18 16 18 16 22
 22 16 16 22 18 22 18 18 16 16 16 16 16 16 22 16
 16 16 16 16 16 16 18 16 16 16 18 18 18 16 22 16
 16 16 16 16 16 16 16 16 16 16 22 16 16 22 18 22
 22 16 16 18 16 16 16 16 16 16 16 22 16 16 22 16
 18 16 16 16 16 16 16 16 16 22 16 22 18 16 16 18
 16 16 16 16 16 16 16 16 22 22 22 16 16 16 16 16
 18 18 22 16 18 16 22 16 22 16 22 18 16 16 18 22
 22 16 16 22 18 18 18 16 16 16 16 16 16 16 16 16
 16 16 16 16 16 16 16 16 18 18 16 16 16 16 16 16
 16 22 16 16 22 16 16 16 16 18 16 16 16 16 16 16
 16 16 16 16 16 16 16 16 22 16 16 16 16 16 22 16
 16 16 22 16 16 16 16 16 16 16 16 16 16 16 16 16
 16 16 16 16 22 16 22 16 16 16 16 16 18 18 16 16
 16 16 16 16 16 16 22 16 16 16 16 16 18 16 16 22
 16 16 18 16 16 18 16 16 16 22 22 16 16 16 16 16
 16 18 18 16 16 16 16 16 16 16 22 16 16 16 16 18
 16 16 16 16 16 18 16 16 16 16 16 16 18 16 16 18
 16 16 22 22 16 16 16 22 16 16 16 16 16 16 16 16
 16 16 22 16 16 16 16 16 16 18 16 16 22 16 16 18
 16 16 18 16 22 16 16 16 16 16 16 16 16 16 16 18
 16 18 22 16 16 16 18 16 16 16 16 16 16 16 18 16
 16 18 16 22 16 16 16 16 18 16 16 18 16 16 16 16
 22 16 16 16 16 16 22 16 16 18 16 18 16 16 16 16
 18 16 16 16 18 16 16 16 18 16 16 16 16 16 16 18
 16 18 18 18 16 22 16 16 16 16 16 16 16 16 16 16
 16 16 18 16 16 16 16 16 16 16 16 16 18 16 16 18
 16 16 16 16 16 16 16 22 22 16 16 16 22 16 16 16
 22 16 16 16 16 16 16 16 16 18 16 16 16 16 16 22
 16 16 18 18 16 16 16 16 16 16 16 16 22 16 16 16
 18 16 16 18 16 16 16 16 16 22 16 16 16 16 22 16
 16 18 16 16 16 16 16 16 16 22 16 16 16 16 16 22
 16 18 16 16 22 16 16 16 16 16 16 18 22 16 18 16
 16 16 16 16 16 16 16 16 16 16 16 22 16 16 18 16
 22 16 16 16 22 22 22 16 18 16 16 16 16 16 18 16
 16 16 16 16 16 16 16 16 16 16 16 18 16 16 16 16
 16 16 18 16 22 16 16 18 16 16 22 16 16 16 16 16
 16 22 16 22 16 16 16 16 18 16 16 16 16 18 16 16
 16 18 16 18 16 16 16 22 16 18 16 16 22 16 16 16
 16 16 18 16 16 16 16 16 18 16 16 18 18 16 16 22
 16 16 16 16 16 16 22 16 16 16 16 22 22 16 16 16
 16 22 16 16 16 16 16 16 18 16 16 16 16 16 16 18
 18 16 16 16 16 16 16 16 16 16 16 16 18 16 16 16
 16 22 22 16 18 16 16 16 16 16 16 16 16 16 16 18
 22 16 22 16 16 16 16 16 16 16 18 16 16 16 16 16
 16 18 18 16 16 16 18 16 18 16 18 16 16 18 16 16
 16 18 16 22 16 16 16 16 16 16 16 16 22 16 16 16
 16 16 22 22 16 22 16 16 18 16 16 18 16 22 22 16
 16 16 16 16 22 22 16 16 16 16 16 16 22 16 16 22
 18 18 16 16 16 16 16 18 16 16 16 16 16 16 16 18
 16 16 16 16 16 16 22 22 16 18 16 18 22 16 16 22
 16 22 22 16 16 16 18 16 16 16 16 16 22 16 16 18
 16 16 16 16 16 16 16 16 18 16 16 16 22 22 16 16
 16 16 16 16 16 16 22 22 16 16 16 22 16 16 16 16
 16 16 16 18 16 16 16 16 18 16 16 16 22 16 16 18
 16 16 18 16 18 18 16 16 16 16 16 16 22 16 22 22
 18 16 16 16 18 16 16 16 16 18 22 22 16 16 16 16
 16 16 16 16 16 16 18 16 16 16 18 18 16 16 16 22
 16 16 18 22 16 22 16 16 16 22 16 16 16 16 16 16
 16 18 22 22 16 16 16 16 18 22 16 16 16 16 16 16
 16 16 16 16 16 22 16 16 16 16 16 16 16 16 22 16
 16 16 16 16 16 18 18 22 16 22 16 16 16 16 18 16
 16 16 16 22 16 16 16 16 16 16 16 16 16 16 16 16
 16 16 16 16 16 16 16 16 16 16 16 16 16 16 16 16
 16 16 18 16 16 16 16 16 22 16 16 16 16 16 22 16
 22 16 16 18 16 16 22 18 16 16 16 16 16 16 16 18
 16 16 16 18 16 16 16 16 16 16 18 16 16 16 16 16
 16 16 18 16 18 18 22 16 16 16 18 16 22 16 16 16
 16 16 16 16 22 18 16 16 18 16 16 18 16 16 16 18
 16 16 16 16 18 16 22 16 16 16 22 16 16 16 18 22
 16 16 16 16 16 16 16 18 16 16 16 16 16 16 18 16
 16 22 16 16 18 16 18 16 22 16 16 16 18 16 22 16
 16 16 16 16 16 16 16 18 16 22 18 16 18 16 16 16
 16 16 16 22 16 16 16 16 16 16 18 16 16 16 16 16
 22 16 16 16 16 16 16 16 16 16 16 16 16 22 16 16
 16 16 16 16 18 16 16 16 16 16 16 16 22 16 16 22
 16 16 18 16 16 16 16 16 16 16 16 16 16 16 16 16
 16 16 16 18 16 16 22 16 16 16 18 16 16 16 16 22
 16 18 16 22 16 16 16 16 16 16 16 22 22 22 22 16
 16 16 16 16 16 16 16 16 16 16 18 16 16 16 16 16
 22 16 16 16 18 22 16 16 18 16 16 16 16 22 16 16
 16 16 22 16 16 16 16 18 16 16 16 22 18 16 16 16
 18 22 18 18 16 18 16 16 16 16 18 22 16 16 16 22
 16 16 16 16 16 16 18 16 22 16 16 16 16 16 16 16
 16 16 16 16 16 16 16 16 16 16 18 16 16 16 16 18
 16 16 16 16 16 16 16 22 16 16 16 16 22 16 16 16
 18 16 18 16 16 16 16 16 16 16 16 16 18 16 16 16
 22 22 22 16 18 16 16 18 18 18 16 22 16 22 22 16
 16 22 18 16 16 22 16 16 16 16 16 16 16 16 16 22
 22 16 16 16 16 16 16 16 22 16 16 16 16 16 22 16
 22 16 16 16 16 16 16 22 16 16 16 16 16 18 16 16
 16 16 22 22 16 16 16 16 16 16 16 16 18 22 16 18
 16 22 16 22 16 22 16 16 16 16 16 16 16 16 16 18
 18 16 16 16 16 22 16 16 16 16 16 16 16 16 16 16
 16 18 22 18 16 16 16 22 16 16 16 16 22 22 22 16
 16 16 18 16 16 22 16 22 16 16 16 16 16 16 16 16
 16 18 16 16 16 16 16 16 16 16 16 16 16 16 16 16
 16 18 16 16 16 16 16 22 16 16 16 16 16 16 22 16
 18 16 22 16 18 16 18 16 16 16 16 16 16 16 16 16
 22 16 16 16 16 16 22 16 16 16 16 16 16 18 16 16
 16 16 16 18 16 16 16 16 22 16 16 16 16 22 16 16
 16 16 22 22 16 22 16 22 22 16 16 22 16 16 18 22
 16 16 18 16 22 18 16 16 16 16 22 16 18 16 22 16
 16 16 18 16 16 18 16 16 16 22 16 16 18 16 16 16
 16 16 16 16 22 16 16 16 18 22 16 18 16 16 16 22
 16 16 22 16 16 16 22 16 16 16 18 22 16 16 22 16
 22 18 16 16 22 16 16 16 18 16 16 16 22 16 16 16
 18 16 16 18 16 16 22 16 16 16 22 16 16 16 16 16
 18 16 16 18 16 16 16 18 16 16 18 16 22 16 16 22
 16 16 16 16 16 16 16 16 16 16 16 16 16 22 18 18
 16 16 16 16 16 16 16 16 18 16 16 16 16 22 16 16
 16 16 22 16 16 16 16 16 22 16 16 16 16 16 16 22
 16 16 16 16 16 16 16 16 22 16 18 16 18 16 18 16
 16 16 16 18 16 16 18 16 16 16 16 18 16 18 16 16
 22 16 16 16 22 16 16 16 16 22 16 18 18 16 18 22
 16 16 18 16 16 16 16 22 16 16 16 18 18 18 16 18
 18 16 16 16 16 16 16 22 16 16 16 16 16 16 16 16
 18 18 16 22 16 18 16 16 16 16 16 16 16 18 16 16
 16 16 16 18 16 16 22 16 16 16 18 16 22 18 16 16
 16 22 16 16 22 18 16 16 16 16 16 16 22 18 16 18
 16 22 16 16 16 22 16 16 18 16 16 16 16 16 16 16
 16 16 22 22 16 16 16 18 16 16 16 16 16 16 16 16
 18 16 16 18 16 22 16 16 16 16 16 16 16 16 16 16
 16 16 16 16 16 18 22 16 22 16 16 18 22 16 16 16
 16 16 16 16 16 16 16 16 22 16 16 16 18 16 16 16
 16 22 16 16 16 16 16 16 16 16 18 16 18 16 16 16
 16 16 16 16 22 16 18 16 22 18 22 16 16 16 16 22
 16 16 16 16 16 16 16 16 16 16 18 16 16 18 18 16
 18 16 16 16 16 16 16 16 16 16 18 18 16 18 18 16
 16 16 16 16 16 16 16 22 16 16 16 22 16 16 16 18
 16 16 16 18 16 16 16 16 16 16 18 16 22 16 16 16
 16 16 16 22 16 16 16 16 16 16 16 16 16 18 22 18
 22 18 16 16 16 16 22 16 16 16 16 16 16 16 16 16
 16 18 16 16 16 16 18 22 16 16 16 22 16 16 16 16
 22 22 16 16 16 16 16 16 18 16 22 16 16 16 18 16
 18 16 16 16 22 16 16 16 22 16 18 22 16 16 16 16
 18 16 16 16 22 16 16 16 16 16 16 16 22 16 16 16
 16 16 22 16 16 16 16 16 22 18 18 16 16 16 16 16
 18 16 16 22 16 18 22 16 18 16 16 16 16 16 18 16
 22 22 22 16 16 16 22 18 16 16 16 16 16 16 16 18
 16 16 16 18 16 18 18 16 18 16 16 16 16 16 16 16
 22 16 16 18 16 16 16 16 16 16 16 16 16 16 16 16
 16 22 18 16 18 22 18 16 18 16 18 16 16 16 16 18
 16 22 16 22 16 18 16 16 16 16 22 16 16 16 16 16
 22 18 16 16 18 22 18 16 16 18 18 16 16 16 16 16
 22 16 16 16 16 16 22 16 16 16 16 16 16 16 22 16
 22 16 16 16 16 16 16 16 16 16 16 16 16 16 16 16
 16 16 16 16 18 22 16 16 18 16 16 16 16 16 16 16
 16 16 16 16 22 16 22 18 16 16 22 16 16 18 16 16
 18 16 16 16 16 16 18 16 18 16 16 16 16 16 16 16
 16 16 22 22 16 16 16 16 16 22 16 18 16 16 16 16
 16 16 16 16 16 16 16 22 16 16 16 16 16 22 16 16
 16 16 22 16 18 18 16 16 16 16 22 22 22 18 16 16
 22 16 16 22 22 16 16 22 16 16 16 16 16 16 16 16
 16 16 16 16 16 22 16 16 22 16 18 16 16 16 16 16
 16 16 16 22 22 18 16 16 16 18 16 16 16 16 18 16
 16 18 16 16 16 16 16 16 16 16 22 16 18 16 16 22
 16 22 22 22 22 16 16 16 16 22 16 22 16 16 18 22
 22 22 16 22 16 16 22 16 18 16 16 16 16 16 16 16
 18 22 16 18 16 16 16 16 16 16 16 18 16 18 18 18
 16 16 16 16 16 16 16 16 16 16 16 22 16 16 22 16
 16 16 16 16 22 16 18 22 16 16 16 16 16 16 16 16
 16 16 22 16 16 18 16 16 18 16 16 22 22 18 16 16
 16 16 16 22 16 22 22 16 16 16 16 22 16 16 16 16
 16 16 22 16 16 18 22 16 16 18 22 16 16 16 16 16
 16 16 18 16 16 16 18 16 16 18 18 22 16 16 16 16
 16 18 16 16 18 16 16 16 16 16 16 16 16 16 16 16
 16 16 18 16 22 16 18 16 16 18 16 18 16 16 16 16
 22 16 16 16 16 22 16 16 22 16 18 16 16 16 16 16
 16 16 16 16 16 16 16 16 16 16 16 16 16 16 16 16
 16 16 16 16 16 16 16 16 16 16 16 22 16 16 16 16
 16 22 16 16 18 16 16 16 22 18 16 16 16 16 16 16
 18 16 22 16 16 16 16 16 16 16 18 16 16 18 16 22
 16 16 16 16 22 16 22 16 16 18 22 16 22 16 22 18
 16 16 16 16 18 18 16 16 16 16 16 16 16 22 18 16
 18 16 16 16 16 16 18 16 16 18 16 16 16 18 16 16
 16 16 18 18 16 22 16 16 16 16 18 16 16 16 22 16
 16 16 16 16 16 16 18 16 16 16 16 18 16 16 16 22
 16 16 22 16 22 16 16 16 22 16 18 16 16 16 16 16
 18 16 16 16 16 16 16 16 16 16 16 18 18 16 22 18
 18 16 18 16 16 22 16 16 16 16 16 22 16 16 16 16
 16 16 16 22 18 18 16 16 22 16 16 16 16 16 16 16
 16 16 16 22 16 16 16 22 16 16 22 16 16 22 22 16
 22 16 16 16 16 16 22 22 22 18 16 16 16 18 22 16
 16 16 16 16 16 16 16 16 16 16 16 18 16 16 16 16
 16 16 18 16 18 18 22 16 16 16 22 16 16 16 18 16
 22 22 16 18 16 16 16 16 16 16 16 16 16 16 16 22
 22 16 16 18 16 16 16 16 16 16 22 16 16 18 16 18
 16 16 16 18 16 16 22 16 16 16 22 22 16 16 18 16
 22 18 16 18 18 16 16 16 16 16 18 16 16 16 16 16
 16 16 16 16 16 16 16 18 16 16 18 16 16 16 16 16
 18 18 16 16 16 16 16 16 16 16 16 16 18 22 16 16
 22 22 22 16 16 16 16 16 16 22 18 16 18 18 16 16
 18 16 16 16 16 16 16 16 16 16 22 16 18 16 16 18
 22 16 16 16 16 16 16 18 16 16 16 16 16 16 18 16
 16 18 16 16 16 16 16 16 16 16 16 16 18 16 18 16
 16 22 16 16 22 16 16 16 16 16 16 18 16 16 16 22
 16 16 18 16 16 16 16 16 16 16 16 22 16 16 16 16
 16 16 16 22 16 16 16 22 16 22 16 16 16 16 22 16
 16 16 16 16 22 16 16 16 16 16 16 16 16 16 18 16
 16 18 16 22 16 16 16 16 16 16 16 16 16 16 18 16
 16 16 16 16 16 16 16 16 16 18 16 18 22 18 16 16
 22 16 16 16 16 22 16 16 22 16 16 18 16 22 16 18
 22 18 16 16 16 16 16 16 16 22 16 16 22 16 16 16
 16 16 16 18 16 16 16 22 16 16 16 16 16 22 16 22
 16 18 16 22 16 18 16 16 22 16 16 16 16 16 16 18
 16 16 18 16 16 22 16 16 18 16 16 22 16 16 18 16
 16 16 18 22 16 16 18 18 16 22 16 16 16 22 22 16
 16 22 16 16 16 22 16 16 18 16 16 16 16 22 16 16
 16 16 16 16 16 16 22 16 18 16 16 16 16 16 16 16
 16 16 16 16 16 16 22 16 16 16 16 16 16 16 16 16
 16 16 16 16 16 16 16 16 16 16 18 16 16 16 16 16
 16 16 16 18 16 16 16 16 18 16 22 16 16 16 16 16
 16 16 16 16 22 16 16 18 22 16 16 16 16 16 16 16
 16 16 18 16 16 16 16 16 18 16 16 18 16 18 16 22
 16 16 18 16 16 16 16 16 16 22 18 16 16 18 16 16
 16 18 22 18 22 18 16 16 16 16 16 16 18 16 16 16
 16 16 22 16 22 16 18 16 16 16 22 16 16 16 16 16
 16 22 16 16 16 16 18 16 18 16 16 16 18 22 16 18
 16 18 16 22 16 18 16 22 16 18 22 16 16 16 16 16
 22 16 16 16 16 16 16 18 22 16 16 16 16 16 16 16
 22 16 16 16 16 16 16 16 16 16 16 16 16 18 22 16
 16 16 16 22 16 16 16 22 16 16 16 16 16 16 16 18
 16 16 16 16 18 16 16 22 16 16 16 16 22 22 16 16
 16 16 18 22 16 22 16 22 16 16 16 16 16 16 16 16
 22 16 16 16 18 16 16 22 16 16 16 18 16 22 16 16
 16 18 16 18 16 16 16 16 18 22 16 16 16 16 16 16
 16 16 18 16 16 16 16 16 16 16 18 16 16 16 16 22
 16 16 16 16 16 16 16 16 22 16 16 16 16 16 18 22
 16 16 22 18 16 16 16 16 16 22 16 16 16 16 16 16
------------------------------------------------
avg num operations 16
num aborted trials  0
=== DONE x8192 =================================
