srand key: 1580695278
=== START x8192 ================================================================================
      130398      131000        8104       31386       58418         ---       22026      237560
        4144       76762       57278        5638        1442        7308      156732      125430
       21684      181066        9768      128558       55020       36170       13698        8642
       89428       14234        7788       25360       38712       13118       25262       42058
     1377404        6714       47686        6054       12342       43376       28612        9406
       11532        4936       11128        7400         ---        2358        7154        1876
        5162         ---       51606       26958       93834     2759728        2232        7882
       16234         ---       19198       26424       59618        8162      225362       17388
       12558       73986       22826        6310         ---       41600      135586      108572
        6880      100892       37248      197264       10534      165370       16366        2158
        6350        8188       25770        4576      172772     2082328       24016     2277120
      220010       53272       23510         ---         ---       33978        7546      139856
       15776       48136       47544       10206      112810       39280      135718        5484
       38158     2142514       22330       16376       14186        7416       21828       20142
       53496      429782       40382       32604       56890      271432       43306       14778
        5364       15650      157370        5104       15556       37544        6760       17216
       17342      135378      114594        9486        2014       12184       56794       13396
        4584       15046         ---       95814        6654       48380         ---       95674
       26932      231824        4644       38406      158862        6796       14714    10050046
         ---        9024         ---        9748       39100        7388        9560        1658
       93388         ---       27170     3774078       12750       43936       17712         ---
       14070      179620       12562       88092      183538        5720        5654     5619956
     1379866         ---       20774      133496       46032       45172       24410        2356
       15658       57976        8416       13390       45266       21714        8312        9214
      114678       23074         ---        9028         ---      569030       57058        8930
        3636        1690        4544        7660      106406       25798       30596      939668
       41620       12258        6156       11998       10844       54842       61594       10852
       11144        5484       16740       18860       22584      291210       21732      100710
      122786       41604       33810        3548      647438       24554     7284406       27058
       30168        7602     4276440      110948      744302        2324       17874     3537778
        5238       13454       20672       32170        7292      189058       20612       17580
       13840         ---       20486        4348       62434         ---     1060004        2994
       37374       70896       22378     4042186        5034       10032       16848       29280
        3766       42366       29132      484950        2822       26100       41180       27176
        4722       85902      107280       36446       29016       26702        6356        2918
    10227578        2164       21674     1488644        1920       31312       87572      124272
       18196       27028       63166       24158        4274       60922        5342       24952
      118952       46934       12294       14532       11970       13814        7606       12016
       70048      188464       18254       11996       13066       42418       75820       46500
       12646       18470      184090        1262       67784      123172      140574        5008
         ---      968810       31816        5138        1338       18554        4112         ---
       18676       12444      113002     1079190       18190        7268         ---        3398
        1902      164022       46034       21140        2084        4886       15300       10368
      109510        9156       12848       41664       15936       71562       19018         ---
         ---      565010       18268       13830       47898        8278      235220      631542
       28002       24982         438       18878        9180        8026      129668       53680
        1774       19490       13160       59478      141606      296286       47800       15524
        1570        5850        5010        6018       65890        6658       18440      116648
        3462         ---     1656096       57712        7006       90214       39960        7410
       23984      102514       48692       12672        8562      174006        2636       32482
        2910       11614       60908      169522        6660        2808        2778       68318
       14760        9782         ---        2790        6710         ---        3024         ---
      103838       26158       95974       23446      345858       21250       21338        9534
       51014     5799070       56360       15976         ---       30432       21740        4194
      148376       19212      813242       16356       22552       13920       19612       13156
       34118       42000      287794       11734       52194       14306     6400230       10718
       12042       32548      187926       11714       54854       16874       56362       38972
        5138         852       10148     3867790       50072       88562        2550       51592
      236740       56028       12982       27334       63390       13378       21128       33276
       75760       18228        5922        6786        5388      119374       16678       14866
       14708        3852        6988       47328       37026         ---      507734        2436
       30194       42708        6642       23838      401072       81382      177214      117184
     4126332       20312        5142        2216        8358      262040      196526        5904
      111638       56564        3494       20000       14272       17306        2556       19344
       28488       33126       13364        9340        7430      135768       27188     1073500
       47448       11204       30218      169652        2248       15024         ---         ---
       19570        2482       28474       16282       26326         ---       48134        6492
      161570        5168       67946       13510      199656       14882       16360       13416
         ---       40792       11310        6398      184774        5898       42684       47474
     3758884        5372        3140       37530       70910       44744     1386320       18060
         ---    11602556       15252      170414        4640        6122       25430        8288
        6770       20066      333112       43856      250676      115352     3687234      126026
      133490       26902      581598      282580      233274         ---        7784      249434
       42054       33820       24324       34494       26782         ---        2540        5654
       10708       15366        4108       26406       18716       58752       24504       90498
      129870        3974       41562       18670       25798       28514      326490       45362
       21308      235380        1666       43358       16596        1224       14306      234912
      167774      187830      135910       11644      203090     4263466      166746       77312
         ---        2688       24108       23072     2070278       17054       96782        3142
        4036       31746        3056        4700        7454       11374       52970       35474
       42372        8946       50754        2076       28566       14686      681748       48396
       45044         ---       12258      322462       11750        2046       17528        7278
       35228       27028     1532662       18240         ---       22300        1946       45070
      181856        2506       59836        3738       13970      252714       18428        5582
     1091434      128946     1246462       22476      114652       36186       28228      919976
        2212       19192        5298        6514      308584       62428        2592       12578
       21880       56160        4318       23026       21834        5416       11764       98640
       25824        4182     1782938       61704       24700        7108       94818       20868
       12190        1846       36106      180064        4964       70918        9122       41192
       68186        4824       42226      100406       45422        5592       15202       47840
        5200        5228       23978       14196       13466        1950       44604      189338
       13622       18550        5228        6414        6330       14946       14754       20070
        5698        5036      184646       10550      181722       61558       68284       15222
        3590        3500       17074        5748       35144       13188        6268      198622
       13974        8452       16798       11556       11174      241222        6826       10830
     1431662       23616       11944        2520        3498        7972        1484        3784
      153642       47780        2052       38000      144692       36210       64600        7118
      117112       63856       13350       26562        4278        3598       28864       43012
       11016       19850       11890      148696       11422       18692         ---      104052
       39834        6070        6124       19752       88060       17182       14242       21822
       37042        1638        4638       24354        1856       74942       18670        8648
       50782        3734        7350        5200       72968         ---       67174     1685726
       10960     9612366        8012      361944      488642        6646       39190       34370
        5740        7044      109120        2840       16924        3390       16074       30324
       27332       29720       44020        1494        2464       14322       33462         ---
      151954      215448      161610         ---      115560        6394       78384       16214
       68786         ---        6990        6328       37890      129256       12316       12128
       22030       13954     1499116       13472       62758         ---        7018       18186
       36842        2510      115206        5140        6298        3188        2740        9904
        9444      232154         ---       37942       20236       33506      243084        7820
     6174276        2372        3002       14032       88342       14646        2152       29960
      186258       25624       57002       32118     4041286       92412       16378        9214
       92362        8980       44462       10406         ---       48962       94618       14152
       67572       18548       17758       19152       15152       18512       27468       45858
       29532       15418       13932        4674       13676        9996        3658        9700
        3100       43782       54686        8206      113146        8048      176030         ---
     9807750        4012       36446        5126         ---       26816       20000       75890
      259318       18452        8274       13990       75044        4456       27464        7722
       52052       16286        3408     6104638       11378       16558       13490      167594
       12646        9750        1450       57128       39012       98256       30032       25974
      108000       39754       27938      905042       40180         ---        2314       32802
       23840       36346       39516        5490        1526     6807434        6274        4900
        4658        4490       24032       25296      261428      109776       38758       22702
     1738274       17224       21334       15826       80074        8942     4738288       52384
      114452       51154       11434       93968       64480     4476526      109106       16650
       34184       37454       14946         ---        8564       83068       60292       68552
      149824        8032        7692       14578        3922       49610       56300         ---
       16992       11976       32622       35182       16358         ---      188086       71726
       96654       13986        4370       19496       36896       14238      197284         ---
       32276       13606       23962      241898       24154       19050       20086        4246
       34188       24508       16568       46776       18882       32140        7792        8180
      169030       13026       35630       19342       72398       11112       12960        6172
       99874       10462       33930       77232       10160      119358       13054       19740
        6886       21780      123538      158904         ---        3328       71536      160340
       73190       98102       17064       12602       57700        5362      154076      140684
       14396        9378     5596610       52922         ---     3529352       38038        7990
       45578       23954       14422       21336       23318      191984       94240      150514
        2004    10548416        2934       13338        8794       23082        3560       95568
      103764      241780       31114      260752        2580       15408      619644       11830
      142150        5564       27040        5926       22094       73592        3796       15138
       36678       20032        7226        3010        4968        4066       33388        5748
        3108       24316        2684       23510      249588       34994       31094       57364
       62692       12832        6890       93278       27584       62658         ---      120410
       19212      563258        4482        4166       18410        1374       26960         ---
        1116        2376       10772       19734       30424       30420       50616       16852
       10556       56546        3666       22624       11652       65260        9490      314696
        3480       89458       21408      772712       24234       18764       16138        9518
        4458        2278        3272       29286      127956         ---        7434       15104
      110474       42018       92498      185902       20512       44768       55224      118384
     2255422       60924       79158       94364      106380       48408      111868       13512
       11318        1462      168544       38414       17812      122918       15096       17254
         ---         ---        5228         ---        4422        2524       46300       50614
       25696       52008         ---        8674       15112       31478       36354       13936
     4293814       32830        1672        9262       32450       40298        9620         ---
       47044      207684        3060        4966       17650       30772       10362     1121254
      158380        2092       39110       37424       39338       11550       13536       39666
       14824     6864930         ---         ---        9398      174932       15790       12576
       11116       30620       20822       15552        6332      121014      138066       28074
       44490      161260         872      163974        5724        2156        9702        9124
       33146        9714        5912      908078       33110       18034       62268      383062
       30672       16876       37510        5140     1203610        8816        2650       19356
      190466        2396       20032      187454       21746      147104       60360        2182
        6412        5324        7524        9172       37860     1071502        5580      186858
        1248      110098       15432        7878       15838       16396       12862       10456
       17982      175890       83022       15872       10636        2996        6012       17614
     4733530        2916       11418       26056      579162       13756       51834        9110
       15998       13246       21352        7558        1516        7720       48602       15596
       19266        4586      138932         ---         ---         ---        8850       32664
        3648       52694        8124      186250       15228        3214       20678       32860
       17888       26086       13964         ---        6644      805250       29544         ---
        8652       52172      148994       58192         ---       33498      103282       20278
        3772      521958     1640792        2026       16164       68668      131226        4212
        2910       14750      180750       16262      112510       16224       93638       67266
     1311306       48438       19992        4386       70294        1424         ---       34632
       70022      236612       14494         862      187376        5180       13674      218458
         838     6147538       17146      101532       26110        9764      244016      161078
       21318       26396       55584       11530       34058        7514       25694       13750
       11852       12402       85124       25302       16414      136062       72336       11002
        9740        7990         ---        6046        8500       56228      212780        7352
       12070       16294        4756       49550        6238      177864        8956       20332
       18044       15154       57552       21588       12544       22318       14678       14122
       28154         ---      251400       19152        2288         ---       12154        8408
         ---       64656        9656      243520      140502       37660       31590      212884
       23792     1073890       85590        1420        9450       57890      178784        2016
       14982     5393770       14408       50716        7532        9770       13652       14690
         ---         ---        2820     1376780       21448      118416       50536      120958
        3866      788426       24308        5038      151954       11458       10646       23436
      136740       30172       16002      199564       25126       57906       19458       89932
       33982       31032         ---      115704        4904      466606        8352         ---
      154270       30600       25560        7926         ---         ---      130084       23748
        9366       37898       33760       15816        7764       32608      110398       36910
       18486         ---       26438       35628        7596       15904        6682        5730
       94772        3806       52146       54976       38884        6444       23014        4866
       37444        9446      261394       24374     2103946        9132     1336254       10650
       49884       43050        7250       10008       50872      248150        2890      162014
       37954       69502       40484         ---       81796       17510       10890       37740
       17100       98050        3986        2850       16692       19490       13792       41288
       14948       30770       13284         ---      134610       22408        1756        8288
      126152     4669972        8196       26624       32268        4304       25386       68926
       12152      131970        6344        9608        3906       72696         ---        2860
     2290662       32824        7600       12822      105808       40058       27574       14136
     4213718       36054       15972       64126        8614        4172       46368      337908
       14330         ---       59240       34316       57410        1250       24078        5574
       89722       47218      108838        1888        8108        2664         ---       14618
       24706      148892        6366       35706       68802       31654        4444       54462
       17722       77936        3774        7998       26322       19328       24578       19458
       31098        4788       18268      113406       35368       60144     1001498       14770
       33006      219006        6080       56754      143470       81686       21884       42290
      125234      118486        4458        3076      115732       64978        6868       33912
       58310       24476       66496       17562        2602        9102      829880       29380
        9954        8680     3601238      161130       28030       11290      904406        8154
         ---       48866       24434       15544         ---        9274        2764       29648
       11008       16844       24416       34130      131890       36740        8020       20752
        4918        4876         ---        1982        7718       16828       27396       10232
       12464       18578       21728     6773012       43292      124390     1325368       10444
      145102       30004       10130       17980        5486      196488       20666        3582
       12670        4550      128758        5792       36376       13030        9498       10252
        5522       32090       37220        7050      122094       35836      146116      188534
       23920      142622      886186      255226        2948       46504      143612       72964
        8098        9730        5086       50654       72684       75078        7162       14520
       17296        4234       11556       31638       24272    10284532       21506         ---
      141484      149436      114054       36858      186304      153798      135398      103352
        9360     2915782     1429884      182482       21008       14436        3336        8008
        2200       80576        6494       70206         ---       36144       46018         ---
      274276      128894        6096       10446        1894       28744       60150        3476
        4128      132646       39348       15968       25720      282250        6768        9954
       12028       60664       22876        2230       12984       23100       31082        2244
    11600990      282042       85024       23106       14836       20836        1882       20872
     1265310        3906       65492       45152       28784     2859854       23004        3174
      193508        9972       15388       29002       16584        8988       31164       50056
       39298      154178     1074320        5850       33166       13106       20488       24164
       12390         812      253150     2174148     1303422       18620       64878      256816
       27652       36260        9560        1486     5654586      158020       25598       24814
       56730         ---       14922       25472       35926       77976        6620        1850
        3412       12314       21986        3772        7850     2285100      208734       35896
         758        7568       27786       57784       49372       20412        2614        6038
        5284       54256        3950        5474       10302        3176        5420        7090
        1938       50474       20352        4832      162722     5322808      489878      136782
       15660         ---       48976       36566       49834       63284       61460        6450
       82378       80540       10918        4494      137456       64572       20600       29324
       89694       12506       54460         ---       37910       45912       99290      146080
        5130        4592       70956       31452        3720       95628        5646       89554
        2172       65806         ---        7978       77698        8638       26042       30828
       57420         ---        3248       32248       13652        7260       22264         ---
       16160      182956        4890        7132        5086      666296       20672       15186
      254004       37952        8796     4759480       16336       15286       10736        3582
      192266      201886       31152      169238        2086       14698        4810       24590
       58738      111132       17558      208782      112172       18018      182572       55180
       26668       13096        8384      148452         ---        6400      329196      227684
         ---        2474       25246       12718      270204      228766       22216        4298
       29206        3800        7138       13808       97292        6728       14534        5248
      252442        5540       13168       20116     9184936       30130       11466       67872
        8634      110050        3780      163238       95926       49576         ---       21830
       18462       31690        5480      319550        1276       19062       13898         ---
       11532     1597324       10140       41468       20608       39520        2940      259968
       15582       11828       43558        7506       27722       20086        3480       42378
        6472       31424       31038     1245766       88282       52998       11598         ---
      127266       11242       16666         ---         ---        2792       59548      106744
        5904       10088        4864        2384        9478       16074       14744       29486
       12084       29664       48634      168198        8220        6564       13198       10236
       61080       15846     1776584      173104     1070434        4130       21940       21822
       14776      108888         ---        5108        4154        7652       39548        4844
        7790       44100        4760      592270        3618       19386       16670       23168
        9604       19298       87266       93752       32148        9260       40034       21608
      158874        6954         ---         ---       25620      120924       16986       15834
      143120       14130        2700      180238       12720       35808       35440       16044
       46242       96122      124426        2836       78920       44922       48216       31762
        6342        5624       23658      421086       51980       93788       27730        3456
       49334       30152       11480       13890       10778       88940       31912       22750
       32110       10326       19368       14636      124146        2940        6806      141680
        1168       35996       70848        4162       10834     6587522       70306      157014
         ---       17154      244842       28768       99606       17256        5400       22092
        1812       11888         ---       16418      147618       11276       61328     3028166
       34992      124308     9970106       13890       24540       12772      176556       17256
        2478       35848      161752       34790       57068       10326       15916       44020
       26830        3162        3446        7476       17054        2754        4088       18264
      140068        3604     3118976        3050       66054       12262       44764       23900
       23724      169218       11702         ---        8794       10818       30884         ---
       17588       66184       12084      251290        4474       26366       29334        2124
       28150      208182      129278       81868       48330      123070        1396       38668
       63388       35422        6290      151070       14700         ---        9778        8646
       33792        6266        4406     2364726        1228        4886      541596        4464
       16796        7442       85052       19930      146164       26476       11150       23016
        4372         ---       64182       60294       20480      140428       21952       39868
      437260       88252        4510      118590       27602       17990        9976      226006
       27668        4260         ---       10554       23438        1390       38082        7436
       98622       43830        4006       98430        6020        1444       17642       14576
        4124      127970       81248       20154       53370       18348      132978       55824
       10774        9150         ---       15456      279910       84842        2544       35368
       42140       86588       16050        5224        3546       30332        6454       58448
       46766       35330        1396       29416      188270      166800       27548       69636
       42482        1862       16090      420528       48160       36572       21100       18794
      128218       20384       34734       14610       37414       67538        9360       87066
        1476        3320       19504     1211574       46488        1714       42898      179840
       17018       23200       15344       36654       21718       17600       23288       35346
       14952         ---      214434        8886        3454     5324694        8556       45468
      163586        3888      364990       27194       39350       27046       95102       16042
       10886        8228       14136        6276        1986      133282       30332       15750
     8128204        9236       15956        9606       26050        9856        4886        4798
       60630        9092       11686       20246        4402      195254         ---      109278
       22812        4838       60186       49920      152214       48082        6402      180592
       17322        4244        3888        6930      184094         ---      169828       68224
        4120       49792      193052       43806        4444       27876      163206       15562
       13680       16782        2610      174324       86872       41796        5642       26054
       37524     3667080      123124        9448        4600        4914       68498        7678
       18454       20094      155578        9318       11192      123782       19024       16476
       26504        8582      163708        2578      244314       12674      266954        4974
       39470       27800       19640        8956        9534       19274       48090         ---
         978         ---       13904       12144       35016       14664       19840        4826
       14820        6254         ---       10884        6180      160006       23590         ---
        3930        6876       32536       12498        2266        2898       89992        9208
       47452      145302      163008       49688      213988        7454       13778        9450
        3634       36464      109066       55768      132790       58276        9094        4194
      181606       33768        8236        9420        3886       55860       12646       24120
       15926       37142       25798       35664       46480         ---       28930        9690
      172940       12874       51026       80314        4126       22120         ---       44244
     1057588       95898       24490       16268         ---      139670       22078        2752
        7240       32744     6655834      153366       34398      189498      172236        1176
        8932      194472       36962      991788       15354        8200         ---      139390
       18888        1734       50104       20796         ---      213572      153506       14698
        8594       37056        8498        2830        6660       14892      172480       48416
       19288      112754        3830       33960    10726676       10708       11380       34004
      192324      186882      153384       43916       26226       28246     5097158       52114
       26682        1926        7584        7104      122560      171406       14588        1562
         ---        2888      182816        3870       28468       13476      216930       19818
        2084        1798      261842       23016       52536       13934        2014       32276
       58556      152074      185104       35946      152298        4962       17138       54926
       48064      181686         ---         ---       42220       40900        4822      103048
      141410        1920       81162       20458        5302       95228       23812       25148
      251932       22776       15134       30774       58538        5530       95622        3616
        4518        3182       33192      142640      233292       39134       35428       14406
       72024      184792       57714      195690       29636       35606       13080         ---
       23430        4794      199856        4872    10910362       70900        4088       18430
       13792         ---        8680        3890        8360        8442       23500      156692
      137094       13212        9418       15146       31594     8015316     2664770        5720
      129350        1168        8328        7744        1756        5646       12802       10706
       76978       17266      150136        2074     7934962      216328       87758       21256
       85650         ---       23760      951564       28796        5974      179944        9002
        5868        9230       25234       35786       19542      182298        6228        4710
       18976       41612      108056        5384       12040      119028       34000       41526
       68720         ---      925986        3542       52942       39658       11638       13010
    10679200       61402         ---       50494        6424      117014       74706       22630
      211864       17104        5334      178484       13334       55556       54596        2924
        7284      107462        8270       65658       36616       11056       49124         ---
         ---       21314       62582       20650       28060     8429640      263640      114174
       14324       12274       13270       27932       23688     3960642       23682       20150
       49964      110806       22072       30406        7154       23116        1264         ---
         ---         ---       34454        3150       32672      135520         976        9126
       20186      102764       12744      600910       25264       13564       18440       16316
        5628       26772        5916        1116        5910       84768       16324       20958
      111416       18786       30680       76082        7694       11048      111978       59882
       14248      155328         ---       12380        9966        9628        8732      130582
        7108       36930       21004       16206       74724       95908        3938      587542
       51686      206288      125386        9076      139782       54196        7912       10880
        3158       25828        9776         ---      105544      288930        9110       61264
        6874      496658       31394        4246       44470     4388492      590112      762390
       25212       23266        9224       11816       27990      180554      144638       65604
       13754       32758         ---        6148       10180       27956       22408       13144
       17582       26958        3808        1208      104518       78522      566428       22272
       19008       24632      136710        3890     1085914        5480       14636       22520
        4444       29940        2174      156160        6074        5678       15732        2654
       10172       42536        1454      255554        2400       11458       11926       50656
      127692       92198        4132      107744        8378        3960        7478       71306
       22348       29826       64836       11232       61856       80206       36940       80416
        6464       87682      104548        3232        4474       47328       45930        5332
       12670       32308        4586       32798       20060        4684       48698       27880
       20484         ---        8096        4612       22682       15736       25850        1486
     1257314         ---        9006        9652       18266         ---       58350       47294
        9034       16446      155272       72440         ---       18728       38620         ---
     1379306       38052       16136      305148      169768        5748       45776       88376
        3116       41782       66346       75760       29068        2188       58902       10258
      220014        3590       51120      128826     3176056      237014      164726      130536
        2246        6450       18448      191534      107942        9266        8190     1855864
       20972       23674       10950        3224        1998        4648      147150        7686
      313322       17462       64608       12840       12968       22828        4602       44140
       31844       14196       11828       17194       13858        4860       23588       38738
       30954     4745718        3554       31270       33360      184772       21036      133136
       97452       35570       29170       10328       50668      172938       14618        9664
     5376910       32840         ---       94620       71162       54016        8234       22706
      108914        8020       54496       15884        6284        6860       18904        6888
      283230       19934       66222      160226       13308       14392        8148        6258
       34662      322434       17400     2544356         ---        7676      115602       29472
      139106        9502        8794       28076       23662      137332        1102       93454
       52856        1608        5560      177730      268552        6654        3358        5062
      125936      211328        8276       98116      226034       56096       37586         820
        3838      148648      110130        7734       17696       97652        8420       12344
       14726       12430      129248     1777170        5644     1061406        7526       42860
        9236       21808         736        6226       28490       11676        4186       38714
       67522       15202       99134        4320       55068      121946       91760       20856
         ---       37430       10074         ---       17180        2810        1074        4418
       22790      141120       13332       12606       22140        3644       62828        3410
       11044      241240        2014       23486        3826      182380        5618       23032
        3954       26376         ---       13300       28958        4886       37950       10400
        2054         ---       40504       15820         ---       73166        3226       83956
       12606        8470       33482       21500        6386        6030       46410       11770
     1378312        4248       59252       15588         ---        7774        5526      105764
      122930       29904       13812       10726        1732       15922        1380       17930
         ---        5430         ---       18104        2166       18094        5616         966
       27518       16226        6340       42450      112296       99904        1980       87278
        6600      269008        8794       38726       32738     1778466       27252      142196
       71576       28534       39048       48652       14344      142754     9726962       61328
       16364       13916      357484      171562       31202        9068        2878       94954
       23914        4136        5448       12150       18500        2282       37942       53612
       31786       21598        1466      173752       26296        8092       37240        2578
       27498       17060      671384      600084       37526       92892       40440        6864
       30696       15130       15024       94078      120242        9494       25012       22306
        2112       24342     3572222       32974        7560       22318       97868       13902
       30760       18984       73390        3204       10068         ---       33728        5576
       17796        6588        7088       14412      102194       33348       33064       68784
        2710         ---      182348       22560       15604      164800      157196       52950
       10160         ---       56318       59850       38248       19746        1248       20496
     4058562      192132       32642      182686     7062148       70402        2252       10450
       27484       16232      375838       22958        4450     7315756       41128        4548
         ---       99562       22940       10742       19672        4366         ---      176288
       20442        2476       43584       43446         ---         ---       22858      380064
       88712       22156       53520       20308       24706       20632       14048     5604012
      308774        5814       32342       21310       10862       20500        3568        7170
        5886      264800      117748       56208        5432       11354       19174      220122
        3048        9018       43544        9432       47434        2870       14918       62998
      217042      117606      357094         ---       49842       66002       13598        6902
         ---       89076        9634       82098        7312       49224       10428       31742
      152146      809090       24964       12282       18970        3668        1450       21238
      154206        3122     8099090        2640       14860       55566       24536       10986
       14212      114228      122814       28306        2788         ---       33854        3618
        1380       20882       15760       25500       37060      160896      183246       14010
        2360       19578       15770      659882       30268      151966       35308        1440
       19782       11830        2974        6210       33522        6400        5424        2752
      256500       69472     6474536       23984      107138       52696       69730       87486
       96016       18054       39406       11464        3360       59824        2566        9988
        1422       43496        1582       34312     2576136       23252      132216       34318
       73688        6832       32372      128106        2156       32848       30616       39006
        4884     5562482       15426     1221328       10226        1342      103950        4474
       24174       15276       71236       49980       53628     6282524      169548       15408
        7592       23036       66354       13632       70220       10420       20438       25486
       42038        6996       48842       16442       20752      272066       48780       11748
        7986        2254       25418        4456       36764       52092         ---       37882
        7082       20114       23660       20032        3816         ---        4676        3416
     5110514       21998        8460       37566       94664      111422     4341252       22044
        4318       28766        4366     2030286      220800     4450094        8058      250214
       46288       99206        3760       39788        5002       37054        2720       36260
       19428         ---        3052       31282      113268       54730      102720       32634
        1024       10922       55324     2467082       23808        1188      125332        1350
         ---         ---      284338      187664       53894        6802       13768       60286
       13894        5082       54834       32370        3888      152026       65836      197900
     1774908      624370        9266       33970        8162       11824        6990        6460
       80792       41806      100970       19160       33760      108238        3692       10658
        2852       26600      444072       33000      115326       59470       11930      106350
        7740       31322       13506       35702       14802        4414      568652       35592
       14906         ---       42420        7506        3940       11890        4284       58960
        5734       14168       17134       23386        3158        1636       16148       10708
        5040     1384470       29538     8067608       40754       60326        4242        6878
        4830       10968       28734       11686       19772      105168       24818        1194
       16576     1107936       64918        7574       17716       42736         ---       22606
      178370         ---      162724      382650        5282        4186       24368      130400
        3138        5734        9654      153844       52242     3037024       32784       10360
     1306372      250970       19048        6638      510664       29224       12732       10154
        5358       10002     1309444        2484       14364       22638        7450        3654
        9000        5332        2698       16150       18242        1920       30282       33090
        6488       13956         ---        1992       27118       36766        1622       61026
       13410      125830       13718        6638        5896       18062      219322         ---
       95422       61444      109462        2228       32640        3676       18912      146192
       19020        3754       37446     2845634      111216         ---       40608      161204
      104900      423840       26054        8546       12244       18836        1830       14594
        5322       20058      175920        1318       10152      223940        6850       53526
      184790       35686       10874       14050       30216       58046       33978        1240
       18650       19550       13408       23540       29984       47742         ---       76086
      287764      153732       54706      288512       14238       19266       67192       86942
      160844       49718      833230       23798       55318       21376        5376        8634
       16000        5362       18976        6132         ---       31278      129718       46040
    11474208      188076       19092      115816       34816       51950         ---       36836
       35218       13748        1046       26020       27438      115734      101466       16754
       35852        1088      171004      152158       12202        3446        8944       11296
        4622      168588         734        9640       60064       33820       30110       32930
       23054         ---        9340       31120       37928       16344       24848      120704
         ---       12646         ---        9184       49030        6912        5640        6048
         ---       71022       11900       42172       15212        2718         ---        8892
       19844       54458       13820       12912      152548      123782        9698       43900
        2586       51810       19514       23414       58126       55102       19346     1279336
       35208       17172       14464        9522       57976       40768         ---      181408
       13804       11430       16842       25162       23650       69008       17568        9724
        3924      110480      470882     3298312       67600     6786010       20140        2678
      133074       14866      215284       15802       59074       50958       28648        2816
       10320       33434       74292       55890      135418        4042        7566        5780
      294156       41684       13216      183670        7542       31268     5228252       49914
       29276      246568       14272        6798       27164         ---       29172        7084
        2424     7014148        2778        2984       16506        3122       30542       13260
      208486        2066       16988       26902       51650      762682        7662        4508
     2325538        9250      150592      168796         ---       20888      293814       22684
        8202      807568       18930        3570        1674       38172      113050       41758
       15554       28476      200096        3322       27032      167118        1104       11810
     2093542      137782       36290       30712       59660       68016      159676      235518
         864       59718       30142     6878814     7628338      183620       19816        8014
       19290       27876         ---       11096        6552       19098       39272       17158
      234912       32316     6006640       14926       33890       20724        4560        8494
       20158        5302       10378       30534      566476      112530      103220     8864762
       12830       18060         ---        8130       17688        9754      135462        7028
        5594      173764     1775462       17256       30364       12246       39512       21972
       18342      152186        4188       72852       30748      152198         ---        2182
       26664       37368      106236       14084      907522       81468       19004       41584
      757070       60178      758254       21188        2208       30684      343130       97982
       35062       19140       15052     3192090        5296      207612       24474        1500
      155530       39826       43120        8048       14736       43582       15088       24412
       66782       69916       14934        4780       36604     6551034       37300       11572
        8702       36798       32744         ---        5362         ---      457860      180336
       17130       17950        3434      154302        2616      213122       30114       19808
        6536       62310       60882     2917098       16764       11012         ---      162790
       15038        7716      192664      215922    10360218        4846      155382      123856
       25048     6992082      127634       21708       10662      189162        8414       37886
       19424       78532       43980       19730       12356       20880        8064     6099356
        5698        8338        2382        2230        1644        4144       31532       33106
      255760      119766       68406      250996        6696      126064       16160        7720
        1068       41940        7280       25366      315758       38532      126006       10176
        4676        8396       23586       51878        7880      127230        1268       10370
       19168       10340       84190       33514        3924      252334        9028       17156
       32496      175836        2164       26308       16206       14810      162582       11000
       45796       83098       26036       71660       26826       48918       12328       58168
        5594        5104         ---       43024     3573160       39902       91964        6110
       29444       24278        2834        1696       15228        1706       25562       12798
       12874      703182       12414       23168        4938       32196        6448      105820
      293588      267390       58242       30950         ---        4924         ---       60148
        2312       10840       11444     4425694       16358        3868         ---       21180
     8335156       47888       96760        4660       37370       24698        6398      182082
       15700        7490        2222        6476       29752     1031306       36946       55980
       30926    10984048       29496      928830       48774      113496         750     8583878
      217258       15478       21986        8702       19638        6784      579350      184236
        3336        2322         ---        3856        6144       36944        2614       12438
       82140      156348       14336       48328        1892        8774      158432      173018
        4748        7970      157190       34992       16500        2502        4322        9808
        2472        3910        4238       63762       10700       90074        8280       37572
      141812        3180      107038       36026       40286     3722908       33546       30806
         ---       47280       46466       36048       85830       20842       38030       21158
       34194        5548        1606       47006        2216      142972        2722        4240
     2825428       11878       70764        6224      246936      161660       12224      115352
        6920        5452       18264       19046        2730       52796        9268       12442
      164360         894        9794        8534       44288       16752        6044        2968
        7940        5612       23846        2528       30496        1818       11006       29802
        2148         ---     6848094        1302        4178       38544      236934       43994
      150912       31014       13992       32344       21074       70114       21428       23490
       45770         ---       89668        6664       19226       45426      213626      160152
     6479666       27582         ---      204552       93484       16012       97494        9036
        7800     7805958        5628       31062        2148        4334      104654        4744
         ---       13388        4820       11942       24068       44026       34746       12052
       23818       23966        9032        2644        9712       19574      298238       28112
        2082       41278       10140        3824        7536        7764       75798       11064
       46062       98638      231012       31716       63184       67362      109618       10062
      384786        6722      289792       21822       21996       40738       62236       91572
       26894        5456       34070        1744        3496        9856       67244       31060
        7430        5990        9298         ---        7510       37844       48790     6707688
       75434       12538       94592     9078640       72734        8604       11744       42514
       14564        4182       42516      215774       42908        4066       85780       35776
       50628       54730        6064      969748        1728        2378       21642        5136
        7950       55278        4872        2282        9860      467022         ---       40244
        1772       52030        7820       10012        1328         ---        1708        4306
      146658       17376      128090      288902       73336       55386       90560       46362
        2582       39968        3818        2164      109152       13414        1758       24158
         ---        5272      168994       28428       33286       10414       25958       27628
       11056       37758       19560       36392      133068     4578538       21310         ---
      149622        9572        2504       20346        1198        3228       24716       46030
        1768       34600       11322      156128      156800        6438       38764         ---
       12972       29606        3746        8400       22822       51702        7162         ---
        3520       30072       25434       11390       12072     1688312       52634       31326
      128510         ---       76188     3833928        4802         ---         ---       35140
        9238       20928      265988       76076      291584         ---     1561870       57150
       14814       29486       36772       70036      180920       10358       13392       55684
        9066       15976      129362        8856      123376      901814       18510      100570
      114162       19016      141632       20122       30534      255070       10250       57462
       44470       52136       33682       49560       43306     4474372       30092       27362
        6616        7954       33676       84056       31970      143702       12874     7841532
         ---         ---         ---       49972       30608       94982        6378     7487190
       24008        6260       36492        6386        4612       11230        4048      222428
       14382       97024      275934       23620       16416       10368       23774        5752
        6162      117196      229508        2912        2880       19918        2516       17958
       19902       10378        4542     2538170      286318       28294        1902       30064
      114830        7554       15702       12112      189390       56878     6342172       22696
       54938       23962        4118       12758       39616        5506       12864         ---
       31762       25068        7588       68340       30880        1910        9378      155246
       14958        9590       47356      129532         ---         ---     5444790       19278
       33600        3022       53286       36930     2123336       16168        1698      237762
       36962        4832       14710       31188       42858     5177374       32134        9540
      171676      156602      114430       21332        9618       26846        6010       28422
        5482       36468      169658       11780     1798984      150340       13826       14900
       57858       14644        1534       13768       18848       92564       31052       13944
       34058       10110       10574       67394       71018      298208        4072     3429722
      106630       34242      172754       21560       28766        6864       13220        8268
      233576        6074        1846       31070     1435552       12074       37440      294744
       17066        5310        1770       67176       12628      205006      105774       26352
       12018      252294       10642        5126       10554       26952       15980       57508
        2504        2152       28006        2984     4492782       26872      117724        2368
       48402        5046       43914      128616       19022        7410      115184         ---
       39194      177314        5124        4416        7590       32348       39584       77762
        2204       16178       39818        2510       73596       70368       39488        1178
       35566       12724      493396      260070       26596       84422     2958894      135524
       40142      253728       48994        5464      273460       18736       66290       19866
       67466        6300     4885910       11106        4584       10010        2420       66468
        5168        8310       20552         ---       60188       12286       18566       15844
       10096       43730       24256       70430       77258       13644       45154       25964
       12806       51244       48210        3864      190376        1138        2812      126592
        7296      247506        2124        3238      825974       50438        6098      290664
       27294      119080       32832       69700        6840      236970        2532        3758
      132948        1486        1224        3496       74892      606426       77798       14562
        8610       13734       32070       32684         ---        2926        8426       17566
       10470        7910        5644        3776        2826        3180      114140        7616
       26206        9986       16426       26730        9782        7012      188046       56602
       39900       19436       78318     1759308       68724        9894      166894      145864
         624        5300       40290      566828       10366        8210      118916        5886
     1480338      514634       33818       47560        1372     7634876       72814        2290
        2800        6340        3568        2190       22808         806         ---       33096
       14006      112668       87720       56624       81700       54726       22226         ---
       24822        9904         ---       10432         ---       55918     1407506       12242
       12216      178888       87496       13720       50938     1034934        5890       95014
       32894       12084      110488        5612         ---       16250       31590       20250
       47042         ---         ---      114336        2406      151578        8592      250190
       15984       23470       16936        3236       47746      158748       31460        6078
       15014       21016       14870         ---        7636        3786      406418      213790
       39650       13236     1192364        2368       23776         ---       30486        9716
         ---      442346       47806      542414        1128       15762         ---       34236
       20244        5416       25854        2910         ---       42452       43392        2356
       26684      101890      163616         ---        9240      306274       12488       49828
        6174       16212       58546      126530        8454       23288       60650       32142
       50586       60380      152744       14282        4300      151724      125942        4470
        2708         ---       35576        5152       27240      160252        2310       78946
       18496        8768       14376        2314       15830         ---       12224       15452
       93496       10536       10634       31770         ---       42294       34878       45386
       25312         ---      471918        6852      151796        4630       13632      149622
     3005544       14542       11930      168098        5810       14320      189662        2158
       32284       25352       23440      221748       46558       14228        4092        1934
       21862        5336       81158       91874        3404      168860       11422        8814
       55328        1514        3730       39484      150196        7714        5664      101912
        2606       14872       51216       18842       19530        7994       10322       14276
        8858       20192       57618       49402       20752        8656       33948      184288
       22394       18170         ---        3112        2044       46124       40562        6718
       14726        3606        9532      191366        1820       35398      212200       23906
      114516        6970      299736       10668         796        1936       60990       26596
       60924       94094       15906      278522       17256        2922       12634        9042
       71762      234354      147432       51774       32354     1639254         ---         ---
      351818       12504       21404       60958       21690       25346       18486     2675656
      182494       24494       58208        7998      104926       82638        4628       24840
       18356        6850         ---       20346       57654         882        8098     9567904
        5586       19336       24776        3012      116610      119672     2393872      147038
         ---        8610        2438        2408       17656       13454       12234      186768
       37550       12468       50520      102906       51952      133408        2344       32244
        7368      213730       67082     1303452        4222       78890       35806        1210
        6688        2208       11342       49648        1210        4240      121512       22074
        8190       58052     1083384         846       30818        8500       58658         ---
       20638        8244     1325932        4564        5542       26418         ---        5222
        8922       35874       87300       37848        3218       43778      189770        2560
        8686        1820       61286      198326       51390       85466        9846       67202
       16898       17016         ---       15888      279478     1948668      143460       29464
       21086       36202        7646       60976        5710        7822      311834       65880
       21492        8450       25578       12010      280506        6474       43330     1200116
       21338        5942       27468      235654       49908       24544        2024     4362356
       11958      624880        8056       13180       14700      105288       19900        5478
        7004       42936        4206       62020       36908       47678       78722        4178
      110054       18746       12764      219894      246946    10160078      183148        6072
       33974       93982       10338        1612       11626       33318       77844        2216
       12964         702     1061644       14508       54064       12128       15172      124318
       25628        2432       87782       25184        1664         ---        6596      817676
       30678        1798       11118       40882      167694        5460      182136       46132
        7534       51520      286186       11620       57176       19108       11072       20994
       14876      222340    10726450        7480       15710       78788       10338         ---
       17394       18156       12360      138680       17936       58950        5708      789100
       91786       28916        9550       39516       20622       23298     1384834      104056
       44264       37406       22108        2582        3622        3972       13612       39530
       64806        3246       30666         ---       28200       40244     4737828         ---
       41978        9792        3882       30790       18904     1416714       14668       29034
       37334        2830        3734        7360       88326       23936       13968       22470
     7179270       42990       38092       92074        7188       60752        9704        6048
       39350         ---      257794      220462       16820      157096       87858       74702
      113848       38794       42404        1500        7216        7300       10154       44656
       25756        5244        1108       14464        1752       30936       10078        7818
     2871654        8958     2785394       35082      112542       68828       98932       31920
        3956        5088        6744       41600       47012      306770      114902        2532
       86898       38342        3650       39546       76680       61660      190414       51756
      129500        2232      125458      163786        9260        3016       34176        4976
       55780     8893722        6352        6902         ---        6802       55570        4594
       59658        2624       18172       10570       13358        2058       34548      161526
       36248        7650       23478       10570       68686       51218        6540      202564
       37320        7486       25616      164804       17596        7252        1902        9172
        3268        7242       27110       32786      240196        5862       14906         ---
        2324       69414       32178        7332      117892      307964       11206      290348
       10146        8876      103478         ---       96310       10890       45098        7026
       25896        9352      107920        4732       38136      139452        9318        7024
        4478       54506       11296        6820       12310       32214     3917478       11898
       32824       49684       12966       32414       23364       13134      148258       37422
      106548        2752       11378        4936       39942         ---        5790        2494
       61202        9500        1002       23416       20016      193390       34094        5292
        5738        1852       11134        4444        1834       19514       32484        1974
       16460        7694        5496       13766       26458     5307100       19892       11544
       31858      756530        3566       37308       30122     4354670       42792      187882
       64566      847604         ---        3408      110902       24694       72870         ---
      118386        5420      220292        5666       30212        8376       30046       26908
       30980       34680       30266     2565582        2592      102270       24610       72626
        8140      135566       10514      269730        8144       17302       10498       10630
       60370       35136        3198        3762        8622      308934       39044      103500
        5310       11380      108486         ---      123152       46852         ---        7356
      204310        5022       15594        3688      208554       51050       41024      158088
       35478        3392       81418       99878         ---      103134       13980       50612
       46230       51694       37182       28552       23366       13976       61284      235000
       15084       27056        1448      186692       14184        2868       11088       20496
      128524       46618       32460        6636       59340       27152         922       82474
       19118        8636       22870       19042        9904        8706       16818         ---
       12236       23666       42384       45038        5646         ---       52620        9676
        6612       22958       31722        9490       23232       63980       20756        6034
       27064        6756        4910        2038        2238       60436       43738       42674
      120612        9394      251412     5263606       22932      107524       15610        3278
       58864       17268      148274        2982       89274        1950       34748       21388
       16190         ---         ---      146962      106696       12344       22680       26422
     1156864       25748        6268       11064        4228       25188       23376       32932
       13242      137702       34478         ---        4116      118182       17774       27640
       39012       31974        3734        4188       17688       46844        2926        4608
      103592        2632       13202      165948       12250      120410       39508       10306
        5186        4196       40278     3082602       34430       30106      122136        7486
        9238        8508       20466       23282     7547906         ---        7398       47216
       48976      211366       34364       46740       72722       35242       12068       11184
       27378       19960      179212        3086        2464        8902       22152       16690
      106958       85766       28396       11240        7022       12634         ---        5550
      140016        4836      169004         ---       10226       16658       66610      123250
       18448       17190       35652      120274      109744        1476     8786294      252682
      204814         ---      253780       22430      106636      248590       54288       81594
       11056      563446       52480       45490       85054      109112      234752      888736
       90320        6934        6048       12256       53330        7552      190498     1393002
        7546      858574       24272        2296      139950         ---       16580       13568
      116380       19204        9744       18772        9052       63478      116074      110966
       19338      212538       37612        4928     1742338       26712       64042       29906
     1770816        3576        2792      115262       16874       29238        2714       34174
       12852      137426       62444       21638        7622       15084       36694       32220
       36686      251484       32224       88160        3074        6836      140144       37366
       14864     4612974      225560      251906        8348       17630        5746        2826
       53532      107152     2271388       36376       13968       21820      305604       34510
         512      186314        1050      252742       43500        1742        1364       17114
        3304        4948       50806     6224212       31430       21284      150544       35120
       22818       47756      103786        1256       16556       13328       42164       20196
     1392532       58230       11040        6712        6124      168534      199312        9874
       39208        6284       38886        9064      119036       12384       19482       34290
         ---       40228        3632        8916       23610      308212        8330         ---
       14568       34652        6620     7871800       10680      208338       10516       29206
       14064       96528        7772     4059260       21200       19190       16096        7274
       41252       10446        6638       15356        4712       41510         940        6024
     1294480       12834     1280272       33176       10990       34838       67666       55320
       77972       29498       24090      191314      409044        4258         ---      167428
       18374       42224       17298      114544       40100      324516       31602        4786
       19164        1164       68458      144818        4120       45860        3148     2179182
      150600        8730       43216      268156       20094       10974        2260        2372
         ---       56882       42612       80122       29892       17916         ---       16486
       74900        2816       14906       37326        7364       11146         ---        3542
        6948       18998       21108        1474       33904     4018428        8716        1830
       32270       23848       21266      242182         ---       15996       36854       33560
        6526        8676       18812      129682        6112        8116      177954        2644
      259636        8396      140086        5718       15810       10416       12758        4118
       41118       12874       75410       15530        4348       19322       30574       21628
       64468        6690        8408      250986        1752      182962      128394       72794
       12224       42348      187530        1048        3842        8950       27562     5762374
       65456       86656       44124        9444       11874       23578       46444      152206
        2950        7906       23546       10698      273550     2211940        5672     4490530
        9076      130664        4376       56718     1374312       44078       34708        2338
       11140       92652      113040       11068        7774     5978704         ---       11204
       98582       82308         ---       80574      422496      341354      186510       93694
       13730        2526        3580       55720       42380      112990      207746       71712
        6860      115652       36504       14622       21208         ---       13152        8350
        2342     3591616        1422        6374        7164         ---       38134     1141716
       32060         ---       39246        7674       50604       44370       15514       34262
        2206     3038110       14180       13532       30818       16706        2246       32116
       61256        4718        2358        5950         ---      189476       50504        4190
       74210      121498      226712         ---        5946       69790        4810      186560
        8054       41250      139764       20962        1742       14766      140762       10664
        6082     6756652        8328      208248        3152        2954        7204       16572
       15954       13694        3006       13080         ---       15892        1700       25302
       65814       11782       13688       32774       78376      114722       69706         ---
        3766      179798        7154       49462       10620       11158      144338      219350
      108838        8764       55976       11128      236272      136316       11010     1392170
       12008        3002       11072      176330        3444         ---      186978        7700
        2724      142780        2234        5614         ---     1535082       11400        5820
        4020       62390        3942       50830       18156        6140       35234      212324
       55604      135736       26634       11430       11270       12776      320712       35340
       21160        1706     1056920        8236      177628       32296      120806      174770
       21362      172732       22630        2792        6544         ---      101676         ---
       25672       34874       36224       21994        2022       19470      214144       29510
       90422       15008      257270        5096     3183276        1886       15762        5414
       39358       10320      128616      139350        8030     1458168        8246       14050
        3350        9824      120018       24694         ---        7548       11172         ---
        4660      260708      580192       64874       39346        8356        5896       25484
        3002       15060        9164        8572       25882       10826       13848       14532
       52594         ---       16898        7230       39338        4368      134134      104648
       83216       22942        2618        5102      991120       12092       12754        7320
       22240        9534      108662       43386      218826       89212       17796       25134
       26118       24280        9932       21050       12626       13604       70162     8527018
        5784       32134       19878      135994      169020       25422        1794         ---
       27706      157670      220812        3488        4104       83938        4862        8084
        2876        8656      144126     4864256       12594      237366       49846       31050
         ---       31974       85476        3296      266028       13450        3128       21434
       63620       14054       10224       28634       42758        1864       20662      910540
       11264         ---       47636        1886       16330       10514       57270        5630
       25912        1740       20192         ---       17648      258330       60768       39360
        2562       25824       42726         ---      280702       43956       22646        5944
       58438       22562       24964       43620      123688       20486        8958        1836
      256484       11346        2472       63784        8636       15640        8692       28560
        6572       82144       11738      168884         ---       40180      394268       17368
         ---     1506844       21858       10816         ---       37162        3962        4004
        7548         ---     1273932       30354      296914       16474        3858      154084
       16414       43694        4782       33612       92194       35108      307954        5948
        4466        9318        8650      255182       23586         ---       21954       73148
       31366        5484      195340       11618        9374       35986      213096       36406
       13922       41048        2692        4760       37518        8364      230104        5494
      245478     8152718       53216       39984      236646       13046        1894         ---
       37016       30304       33048       42742       57974       88344        2498      111236
     1247686        7130       26832      111806       15088      138938       18340       18836
       52232        9814      161084       32882       39332       17662       17190       14024
       10474       36658       66246       99788        2924       18658       14784        2654
      243614        2888       38026         ---       73858       24832         ---       12784
        2782       79482        5194       13554      124000       33886       13904    11032812
     1042126       13494        2138       22444       33442       12486        2082       11398
      167226       50746         ---      109442       15712       28330        7920       29344
      116424       19176        7236        6058        8444        1348       18306        5270
        3988       20312       53292       79632      174100       13808        6020       17530
     1776744      119732        5852       10604        8640        7740       32258       42638
        4118       19876         ---      154062       22288      177434        6102        7742
       13716        5658        4892       12196        5756       26808       36030      246896
      168910       80622       11168       11722        4066       74610       19488       44784
        3286       16314      285686        1356       22988      142446       17220        8944
       25234      174736        3974       37252       49754      109748      254786       21652
      140206     1016530       11360        2570        2872     9176456        9426       46694
       35436        3330       24454        4044         ---       15652       13018       12436
       33382       53842       14012       11508        5784       56392       29788       54184
       35106         ---       44852      111694        6064      115062      105950        5410
      108772        5222      109512       79358       63304        3138       70364       14836
       18488       12742        1962      557904       25042       13692        5878       51166
       13760       18374        2992        3268        6518       39714       37816       14330
       40402        4098       18902      154578        5962       61194      189606      186658
       32838       38144        3834       40170         ---       83786      570456       96554
        2666        7154      107854       94504       18276       27578        4996       52124
         990       41126       32012        1302       42134       11388       38066       10472
         ---       13638       34950       37736       98862         ---       20762       14576
       13428       90594        1158        5766         ---       97542       28684       31266
        6902       70456       11784        1764       16302     8891706        5360        6248
        4638       12212        2482       21388      295220       15074       12030        1736
       70532     1288556        3744        2654       61496        3222      135990        5454
         ---        1830       40930       21886        7690       65164      194502       57100
      105164       10200     9819228       23390       87260       36184        9450         ---
        1828       21570      173582       11014       25784      152800       25674       12102
      139648       13400       17320      102086       12660       43858       28854         ---
       87398      128328         ---        3476       16230        4158       14030      158236
      132220       48974        4192      108036       39544       20400       21570      155386
       10842        5228       26962       76956       10586      100906        5768        4276
       47740       77992       46384      256538        3994       69206      157648       38668
       56714       15174      222152       29476       17750        1954        2550        7386
       57552        2118         ---         ---      156960       13564       45624        3284
       13428       10574        8722       44436       30934       21834       82528        4054
        4094       14338       27980       14236       30950        6272      148208       13434
        8046        8952        3752        8364         ---        4694      107532      182732
       38794         ---      196700         ---       28618       20308       33112       36006
        8848       28674        7904       18628         ---      142778        3158       17922
       33770        5702      276820        1948        8550       13730        7976       45986
       35018        9812     1580528         ---      832408       16282        9598       18886
        9122        1526       78512       10108      564128       11646       57538        9396
        5200      162960       11038       21800        1008      597418        9618       37494
       53240       46984       40014        4484       19148      124824     1777200       16314
       28092       15058       22814       19254      186056      184012        3988      145252
        6304         ---       53540         ---       68030       12632       39330       70042
       35980         ---       21234     1462434       16730     1035952       11790       46906
       13232        6738      111774       36534        4290       17862       19310      198058
      192290       23286       10846      217306       45584      165880      198030       78834
        6154      107982       18188      151240      102196       37100      147940      116496
       19224        6410      145572       57280      797358         ---       11802       75002
       23136       27206     5993206       16934       91744        2608       17744        9996
       38022       11568       11858        1914       51540        7594        2072      196854
       29308     7067306       17594       23422     5596690       93234       72496       44270
        3044      102362       19516        7376       15244         ---       63986       37794
       58494       34458      106764      206114       84412        1720       95438       81072
        3810      342196       35464       20416        7098       14926       25088       40122
       55918       13864         ---       29854       29528        5106       44370       59774
       26228       21732       16284        4328       44292     5073428       42396        9912
       18428       15316        6742      120014      141346         ---      125870       69042
       27452        3940       11666      103220      129348       30228       79428       70700
      144992        9452       23922        6974       33486       18160        6700      246864
       14968       53700       43044        8602       13624        8158      360306       33996
       27052        2104       15750         ---       23756       52544       19550       18512
        4332       21128        7814      209764       51226       13212        4232       14606
       71814       15282        1992      111512       21002       85720     3129390      227440
       11666        3754       11062        2674        4696       10696        8924       58416
      360954       13754        3708       25990        7922        9158       46626         ---
       44308       24850        4522        5746       43838       80974       57898       43642
       22820       10070       36054       18302        2058       18874        5974      625824
       40474      941302       89922        3056        8016        3304       10914        7668
        1792        2428       70700       79238       36964       25396       49838        2854
      148892       17472       13944      261832      398098         ---        6078       13792
       16280       47804        6092        6536       43780        4606       22502       47998
        3336       95488       18986       28202       14256       60840       10354       17110
       51946       25240        8416        6828        5332       15108         ---        6280
       39034     5887534       11830        5730         ---        1296       46918       12862
        2184       22850        3000       71462         ---       13032       55160        1616
       11424         ---      186534       98956      238188        3630       13758       10020
      144596       27546      218454       15026       22194       10434        9858       39632
       11184      277344        6962      183154        8656       47872       11662       97638
         ---       12476       25098       21900       14942      229376        3328        7018
      165368        5876         ---        6870       26170       23344       51102        3626
       12826        2058       25542        1780       43592         ---       41942         ---
        5156       15680      113496       27050       14320     2232420       26104       24908
       12280        9020       36988       43296       12720       10342      112092        6436
        5310       56164        5766      105968      222080        4930      146590        6862
       17196        6676        2470      218214       16678        5550       35006       22580
        4172      131822        4420      241808       27246        6382      101160       37498
       68050      192824      948392        1356       18116      110538       37134       13412
       58506       13006       10588        1384     4586430        6648        4374        4660
       14976        5188        9390      189232        2248       15804     5148642       40692
        5840        1796        9396       14500       34670        7192       66844       12304
      158754       34252       24562       92746     3700332       12392       25264       42096
         ---        9452         ---       27884        9806     3783108        8616        7250
        6200       15360       52570       57900        6084      147544      187866        2010
        1740       40654       68530      167220       13150     1432872      222954       23644
      199528       26460      202588        3276         ---         ---       33828     1056078
         ---       44528       13650         ---        5936       22356        7864       35032
       55014       39268        2144       26668       14920       13368      216436      232796
        8120         ---       50730        7550        7180       63862       30002       24138
      193504       35958      132180       32622       37394      110602       32906       62112
        9952       19304       12164       41660        3964       27144      238842       32438
       12880        7282       68674       30786        4092        2780       21586       14494
       11608       65598        4706       80086       24028        4120       18188        5460
      155106       55734        3772        8940      110702        6414      107384       17640
       82974       12586         ---      167394       52464         ---      148534        2752
       92600     1752254        4252       27326       59624        5942       12780       13802
      259184        7218       25908       58480       17104      180684       13288        2218
       70850        8616       33474     1392570        5714       48516       34508        8888
       11078        5076       55932        7622       36518        6990       13122       90020
      316018      169330        1726      366102      100676      181122      156856        7190
       22756        8018        4452       45996       18970       23858       11648       40226
       26698     2261990        2818        3352       16780        3338       74872       17930
       18266       17578       64562       11524        4356       35152       36120       24602
       12992        7478      169760        3714       50686      306746         ---       37712
        9924       17348      141492       45630        4312      246556       13488      249864
       41802        2870      157000       41868        2814        5318       12400      185482
      208392       21576       75498       71454      371408       11970        9668         ---
       16970       14970       97346        8860       32342      185846       49886        2180
       17124      104808      151542      178582       19410        4450      114332        5896
       34988       44652        2412        9808       12032       24660       11696        6728
       61154      395838       64716       60934        4688        1494         ---       33126
      151556      200142        1032       12750      339978       19796       47068       11620
       26972       46720      107632         ---     6641894      363426        8852     4693440
       57248        1848       33648       44776       11198       10740       12308       17992
       34858       10310       13066     9319312       24490       16682      128584       30174
       28498      149154      216346      108338         ---        6546       16644       22156
         ---         ---       23522        5394       19220     1032580       72052       50742
         584        8622       20252        9558       12252        6812       30584      180992
       48076       21520       19220       20596        2542       32738        6900       13582
       14020         ---       24908        6650         ---       64826     9286550      117500
        7984       18474       13060       38326      102760       66992    10204268       21220
        4910      304334       23396      298662       11200       43778       16066      249102
       23294       30210       60490       54792        8510       15314      107216        7318
       13682        2948       90014      177798        7412      105434       11230      221894
       31460       37444      107636       26182         ---       67464      128968        7120
       26008       28570       10326        8400       15444       92964     3428180        9590
       94414      120012        7286       42318       89408       12932        2412       21448
       26994       27208       30024       27784        1530        5978        7504       44950
       23130        2328       18066       12760       27894       43740        4774     3320790
       11276        8914       36036       32532        7722         ---       55578        4138
        3706       55096        6404       32314       32284    10581620     8169798     1513842
     2122476      231690      169594         ---       92952        6154       20240       20080
       54456       17610       14668       11366        6278      114058       11196       21240
       24786       68854       86386       23796        9404      186926       66316       12100
       86772       69590     5841600      311314        8412       16738        8230       20712
        8812       52384       13082       70588        7012       32294       12902       11286
      212754        9888      228240         ---        2938       13086       95112      130276
        4058      189904        3462       21994       15318        3584        2334       31448
        1820       17612       34418        5238      153838       21062       33224      140178
        8542       41544       10840       34380       50294       45262        6334       56426
      221330       20184       78800        6320       25372        7764    11037198        8242
      137382        5672       14076      115736       25776       10336        3834        3418
      139792       33840        1562     8911184      264748       40212       54326       26372
       67570      141598       59328       28712       39100       33832      260412       33720
      146136      119150        7342        7770       64310       77252       16618       64250
     9101954        9690        5078     2675622      145428       21124         ---       15132
        5438         ---      186400        6234       44826       28988      166080      307684
         ---       15312       63474       45474     1053530       42140       10344        2230
      766158      141794       22324       38066        8980        7160       53142        7796
       45812         ---         ---       26012       57000       40202         ---       37194
       66952      188092        8136      110928        6642       71590       14196       35134
        1614        8326       10702       57214      134276       28016       29626       96024
       29902      185008       58840      208582       27278        5480       57552       35734
       65764       18416        4532      107958        5146       35524       18026       25440
      110894       52464       36084        2218        1302      315608       44800      132422
       15278       12444      179626       49652       16836       28092       87984         ---
         ---        5872      154582         856      227128       15352       27164       37726
       88238        2058       13558      142212        1926        8514       39952       57684
        5234         ---       34762       11696        2256       37624        8352      284550
         ---         ---       64070      141318       51118       17092        3510       14322
        7254        7700       18340       91344       17758        4470     1381722        7776
       65768         ---      143194     6247628       34578       29626       42510       31756
        7518        1168        5980     8551904         ---        8802       50368       29716
       28850        9462       15062        4480       57536       14488      198244        2632
       42724       25326       36614      140854       15330        5426       26704       23490
       13068       20424       39956        5538       59226       52808     9705396        8452
       52932       40336       21546       10022       16412       19316       63764       34892
       83746       27518     6955044       22086       24604       51870        7616     7404152
       16054       14850      314582      141718         ---       22700       34868       38758
        7016    10563892       26446       14582      181298       24068         ---       98278
      537608      125430      117930        4102     2021410       14228     1150208     1285336
         872       11602       17204       18436       22552       51256       11874       25202
      269726        3906       54536     1123268       66524      150254       17868      157506
        1260       19968     4165996       63650        8932       14728       26182       24006
      292804       37898        3664      150452       44364       15328       25998         ---
       16826       34198       24090        4494       16632        9636       35556         ---
       19588     4786028      315292      122734      140396       33872        3332       45170
         ---      148976       23104        8786       20980       72642        6074      975274
        3488         ---         ---       18952        1478     1087940        7962       17014
      384704     7114210        6056       94340       51362        3874         ---       27430
       22438       38116      526488       14366      288754        9380       19894         ---
        8526     1124870        4544       18450       34850        4410        3652        7778
        1306        2654        1384       41550      220646        9302       30348       14408
        4622      105602      210740       92104       10836       10190       84968       18640
       21434     1097772       11658      920344       93218       54784       21174       68822
      153636         ---       13554      216220      177852       55650       38604         ---
      122968        4916        5252      188434       57324       13988       38980       53628
        5092       31586      140894       31880     1094030       12396       20422      694814
       81832       63260       16936       37102        5732       24542     1115414       44636
       24492      144074        3796       35182        2758       68734      105424         ---
       43846       13252     2612054        6610       14176        2106      164090         ---
       41912       42512       38622        8026       29022       30968       23058       29362
        3116         ---       29322       31618       16196       27946         ---        8448
       23260       64634      134772        8944       18702        6050       16944         ---
        1188       15308       48456        7480        9406        2204        5434        4976
      839430     6230902       91976       14282      171774       46826       15422     2354608
         ---       35404        5280        2296       36234        6704       11138         ---
       43878        8334       39736        5138        7678       23072       16120       76794
       12008      110334       19998       11760      100460       48842        4782       17130
      656536       79282       41698       64928       21754       14184       17400       53378
------------------------------------------------------------------------------------------------
avg num operations      234728
num aborted trials         405
=== DONE x8192 =================================================================================
