srand key: 1580696082
=== START x8192 ====================================================================
    127    165    149    261     85    189    177    283    165    219    127    121
    137    191    455    301    213    171    185    195    257    169    331    129
    441    183    171    327    189    191    219    257   1031    101    125    223
    217    469    135    199    187    249    161    187    461    601    267    203
    101    209    119    207    167    169    165    151    669    167    303     93
    239    133    231     93    239     99    207    191    431    499    221    153
    525    525    143    429    163    153    637    155    173    143    155    293
    129    201    493    163    153    133    225    169    149    147    137    251
    137    207    213    233    245    243    129    201    245    117    153    123
    103    669    141    177    157    309    151    129    141    237    225    167
    111    183    141    125    545    487    181    283    219    249    163   1133
     87    291    585    587    141    145    339    135    159    179    311    867
    161    115    173    207    105    115    135    193    177    151    107    105
     95    509     91    379    655    173    209    139    715    163    233    129
    269    123    207    229    187     95    519    187    101    133    443    159
    163    137    149    495    115    209    187    237    183    513    123    313
    207    119    219    115    335    165    201    167    253    115    113    149
     97    153    211    233    161    129    215    135    515    101    655    189
    157    113    211    193    131    151    161    313    197    137    185    209
    365    149    511    189    221    225    129    169    455    115    249    953
    165    255    309    109    101    151    311    137    609    423    201    189
    155    197    189    121    297    167    205    117    161    249    139    197
    207    175    163    163    221    259    121    137    195    169    157    131
    235    171    179    115    181    193    127    169    143    207    129    165
    179    121    111    513    135    165    191    193    239    169    659    225
    205    115    175    135     97    229    169    109    167    201    133    131
    133    955    253    115    193    287    523    227    135    127    139    193
    201    185    151    159    287    223    141    159    185    451     95    109
    119    259     97    115    207    205    137    129    171    163    141    159
    135    133    197    197    143    161    223    155    143     91    205    365
    105    211    643    223    109    137    115    157    191    125    109    127
    245    199    325    153    203    117    227    177    125    155    167    145
    243    177    105    127    155    199     93    219    133    473    211    159
    285    127    181    197    329    507    205    127    219    535    197     91
    297    171    151    161    139    117    177    161     87    193    335    141
    145    207    169    189    245    509    261    161    513    331    101    271
    211    107    129    135    263    231    237    673    647    213    111    461
    167    125    127     99    121    141    169    177    595    185    125    101
    291    125    101    215    267    159    181    111    125    235    165    121
    175    417    581    133    145    109     93    193    155    115    113    183
    159    173    173    231    193    133    155    209    203    325    163    135
    215    155    477    231    219    261    691    149    123    103   1323    155
     91    175    151    237    139    221    105    215    137    207    173    423
    169    247    109    101    191    177    211    107    329    119    167    147
     97    207    127    399    143    321    153    123    201    161    147    239
    265    149    305    137    195    815    157    163    137    189    413    149
    231    109    159    167    529    155    139    275    241    849    155    145
     95    125    191    103    171    185    123    115    187    203    373    395
    135    327    113    145    309    173    195    117    169    187    103    175
    245    269    159    197    171    243    103    171    591    135    355    167
    109    133    171    231    127    125    129     83    113    163    625    195
    257    183    261    195    169    133    105    131    111    231    195    233
    283     89    173    119    267    175    191     99    281    159    285    439
    239    211    155    155    131     89    175    201    147    155    113    129
    169    109    137    107    123    191    115    235     99    139    103    105
    221     99    239    963    187    871    135    161    183    131    251    595
    185    171    219    141    589    143    253    287    139    267    173    117
    119     97    215     95    129     97    191    247     83    257    101    111
    109    323    155    137    105    113    553    253    231    113    155    603
    211    653    215    271    161    125    127    217    173    369    435    135
    145    157    285    175    117    143    211    681    189    237    341    233
    191    171    149    123    325    235    159    245    227    267    179    161
    113    127    139    695    217    201    183    163    323    191    223    173
    105    211    165    145     89    133    189    309    155    213    151    209
    123    179    499     95    121    543    105    151    127    135    133    131
    217    267    123    101    153    165    181    195    201    183    149    133
    517    121    175    119     91    137    153    177    161    115    127    127
    127    387    237    123    161    657    261    387    357    155    207    169
    195    133    115    215    235    425    237    227    259    109    265    467
    155    129    169    143    177    155    219    231    115    199    297    147
    439    159    131    177    549    301    173    305    103    115    131    597
    183    129    189    117    129    261    159    185    107    137    259    105
    241    139    225    221    169    475    195    125    161    175    247    123
    161     89    187    165    159    131    155    247    121    193    193    209
    205    199    145    103    189    223    129    109    199    117    201    299
    127    125    171    403    259    165    123    435    167    183    195     95
    595    143    161    179    231    597    531    143    121    185    271    169
    125    189    117    177    391    119    177    115    225    473    127    615
    155    495    247    153    265    209    301    275    359    599    147    449
    105    189    151    173    579    129    169    115    169    147    171    209
    161    257    615     95    253    379    531    291    179    133    271    127
    645    647    199    217    233    115    521    195    113    177     91    427
    133    117    145    111    185    291    495    187    101    155    295    435
    161     97    155    115    133     95    123    117    477    243    123    243
    223    191    101    147    149    171    245    129    257    101    185     89
    161    193    191    191    269    153    789    181    103    335    213    503
    157    173     97    197    115    169    299    459    145    219    151    207
    191    115    131    157    155    105    187    235    139    155    301    131
    209    109    139     91    169    217     99    111    203    467    201    119
    157    167    163    103    101    479    189    149    119    207    269    225
    171    111    383     99    225    461    167    337    157    637    139    133
    255    139    137    303    145    171    199    179    333    539    169    173
    111    159    193    459    181    339    159    125    155    119    197    249
    143    137    147    375    183    209     97    113    153    391    131    131
    249    151    193    205    133    179    311    143    147    137    199    173
    149    525    161    191    155    155    135    173    207    169    297    181
     99     91    107    223    169    135    139    177    173    451    243    151
    221    211    189    127    473    157    149    133    165    111    223    163
    163    217    215    241    423    131    101    153    205    155    211    207
    381    123    199    147    123    181    583    173    653    131    101    191
    133    233    169    257    603    283    141    213    123    371    203    181
    327    693    303    227    113    297    179    117    259    201    295    123
     95    213    195    153    275    131    139    149    149    203    253    105
    177    211    499    139    205    133    525    211    209    231    505    143
    269    587     91    201    375    175    191    171    151    139    153    589
    181    141    537    165    481    117    453    223    199    207    121    259
    135    193    139    421    453    117    165    217    169    221    123    167
    131    105     99    483    239    231    171    141     99    157     83    265
    175    245    143    353    127    185    123    197     99    139    129    635
    325    113    165    361    115    165    227    229    139    231    225    161
    151    179    149    141    107    729    117    225    103    185    157    311
    233    165    105    243    159    159    129    273    171    687    187    201
    151    191     95    167     95    119    131    599    213    207    149    145
    101    207    469    133    101    133    261    239    129    255    667    527
    101    509    199    179    247    517    109    131    119    171    121    457
    177    141    101    205    107    185    141    193    127    133     95    103
    129    139    119    455    199    135    247    427    327    171    195    613
    187    135    159    197    117    223    215    155    173    131    139    119
    175    109    269    539    265    739    181    233    175    123    197    101
    179    155     91    473    161    127    217    225     87    131     97    149
    157    515    133    131    321     85    415    133    923    163    189    101
     91    119    171    159    205    259    201    133    253    383     97    215
    109    153    151    171    279    203    189    259    157    145    163     81
    137    225    151    805    165    161    183    237    143     91    169    197
     93    119    125    119    159    401    139    187    159    125    107     95
    617    423    139    267    819    185    117    579    207    161    159    391
    125    221    813    121    125    215    133    333    161    127    187    581
    183    163    153    177    355    181     97    161    121    145    225    183
    153    115    131    129    169    119    139    117    121    225    171    159
    195    155    159    417    257    207    475    255    647    109    269    177
    179    177    159    355    147    473    395    143    177     99    115    151
    125    109    277    163    151    163    197    271    113    151    209    139
    135    105    195    593    147    179    193    175    555    197    127    395
    239    277    205    147    247    239    281    173    155    281    585    149
     95    191    385    275     93    823    497    591    213    153    131    175
    739    195    195    175    127    145    151    187    263    125    279    253
    151    141    143    109    207    131    343    189    103    203    147    265
    151    693    159    189    123    205    125    113    133    199    179    165
    145    287    257    157    123     85    107    113    245    123    219    243
    331     85    395    169    115    249    127    127    249    435    167    133
    113    181    131    173    221    169    105     93    117    193    187    131
    147    215    161    551    175    195    215    181    227    161    177    127
    189    159    107     95    109    111    407    141    173    285    117    263
    141    101    155    353    133    101    187    145    135    193    299    191
    185    127    105    285    379    575    225    163    175    467    351    675
    209    301    175    171    147    275    543    153    225    145    349    113
    159    187    151     93     89    109    149    133     85    223    141    203
    201    443    189    175    165    249    129    757    109    111    105    227
     99    401    123    187    163    213    149    173    111    669    183    203
    167    119    637    213    323    163    133    179    215    147    165    117
    567    429    159    447    193    161    175    117    155    167    161    557
    171    203    109    325    189    135    157    455    123    613    505    285
    193    177    195    117    147    187    117    143    125    131    161    217
    795    181    639     91    259    247    187    187    181     91    139    235
    295    203    151    369    119    183    123    133    203    109    155    361
    151    131    827    159    179    165    165    149    273    293    153    263
    113    171    207    621    263    523    457    141    181    203    215    105
    195    141    149    159    161    171    221    187    303    237    155    161
    659    369    117    115    225    505    291    103    121    143    197    107
    371    161    151    149    135    179    187    195    187    143    135    191
    187    163    181    539    129    151    101    225    199    515    477    109
    199    113    259    171    335    113    145    191    101    193    529    187
    123    133    127    339    183    137    149    131    461    167    403    181
    253    179    183    115    483    447     85    185    165    133    185    213
    129    273    147    103    131    255    449    319    747    131    133    115
    179    265    187    155    153    181    151    199    119    159    319    165
    103    191    137    131    177    169    445    149    161    151    219    101
    173    167    163     85    117    191    127    275    231    199    101    115
    681    249    313    463    181    185    115    209    313     85    211    171
    151    151    251    209    193    173    211    153    159    469    159    179
    147    155    131    203    151    165    281    549    115    221    141    231
    159    683    141    241    179    159    187    167    611    109    167    233
    213    103     93    201    237    143    257    247    121    319    101    159
    121    247    185    119    119    189    197    241    161    223    125    187
    217    115    267    613    129    251    119    201    587    171    179    147
    159    147    151    357    115    191    227    211    199    201    189    229
    217    167    447   1019    183    243    429    213    115    687    219    341
    661    207    153    709    219    229    117    117    159    141    129    655
    231    187    125    171    211    223    121    279     93    167    135    129
    713    109    141    151    261    189    237    123    199    221    211    209
     97    125    345    157    171    557   1157    149    269    259    213    107
    135    119     87    175    423    115    115    587    457    121    245    117
    295    141    193    269    103    187    239    143    121    301    131    165
    119    175    107    183    147    135    115    489    283    141    119    187
    233    135    185    107    743    327    197    131    153    169    497    247
    151    191    211    173    483    267    513    119    517    127    625    303
    247    467    111    243    305    203    171    157    181    123    235    111
    131    103    163    137    117    111    143    151    113    361    157    117
    155    105    139    147    175    161    141    207    129    157    173    581
    145    129    179    223    161    231    183    369     83    179    917    135
    105    103    151    119    169    121    109    489    179    187     99    375
    163    233     93    233    157    135    113    133    351    101    431    285
    243    503    183    475    151    157    133    111    487    219    119     93
    175    111    227    439    707    651    137    233    109    623    493    183
    205    113    277    159    539    169    193    171    157    205    161    303
    221    315    411    211    119    125    203    199    711    131    341    129
    265    197    167    207     95    199    351    243    127    129    233    227
    199    145    207    147    143    173    163    425    103    109    215    161
    279    183    137    155    269    163    119    263    189    847    181    183
    119    105    125    331    217    149    271    177    601    251    217    181
    103    185    137     97    621    117    233    133    683     99    515    107
    105    785    191    187    103    243    153    221    141    175    119    185
    145    475    115    223    341    225    219    283    173    165    105     97
    133    123    445    143    139    177    127    187    131    139    173    159
    185    177    189    133    237     97    159    133    217    357    221    213
    201    131    201    503    187    183    103    167    173    125    137    135
     93    303    619    369    231    179    107    217    127    407    453    115
    153    121    207    153    205    255    121    123    121    113    271    213
    251    131    371    203    315    157    173    119    227    189    305    147
    157    197    159    195    387    373    141    117    161    443    355    103
    217    125    169    139    107    105    241    209    109    133    111    235
    111    463    111    707    117    215    237    401    189    167    297    111
    145    157    125    163    629    337    191    181    243    235    253    141
    117    153    131    115    415    199    125    157    207    103    127    157
    127    275    197    175    139    151     89    135    225    291    117    173
    129    137    175    119    111     99    229    155    157    123    441    177
    117    769    101    337    107    131    141    185    271    169    175    217
    133    201    201    191    129    235    141    255    187    145    149    355
    705    129    205    177    201    167     95    127    109    117    195    397
    181    167    149    113    515    125    521     99    119    165    135    135
    135    113    193    225    319    127    191    383    125    325    181    197
    147    383    493    149    267    115    169    103    197    167    113    151
    127    489    185    147    177    161    159    209    191    455    175    151
    147    135    235    133    607    571    179    155    297    177    183    179
    207    105    613    131    261    191    545    191    113    133    239    121
     89    117    797    147    135    179    221    137    241    181    261    111
    197    113    169    181    385    141    145    199    191    349    157    193
    225    103    247    169    147    113    115     83    213    419    213    135
    135    213    497    181    167    149    143    143    503    557    129    231
    171    129    117    117    167    229    137    609    119    133    121    369
    253    115    587    133    205    121    121    493    147    361    183    177
    195    117    305    201    137    113     99    133    153    177     83    173
    127    139    177    197    121    273    897    119    181    149    417    185
    109    113    313    559    199    249    547    185    233    283    113    169
    165    141    111    219    131    117    113    103    173    431    639    117
    113    455    125    165     99    205    153    157    115    201    603    123
    201    131    117    147    525    193    483    317    203    243    247    113
    251    165    243    147    517    201    287    137    177    207    209    119
    161    237    293    125    189    275    187    439    189    173    137    121
    107     85    113    149    641    771    155    191    165    425    221    197
    121    121    257    107    123    103    181    419    161    235    267    107
    117    301    647    155    219    145    123    147    197    297    129    411
    107    131    619    283    973    459    121    171    251    195    199    225
    191     97    165    147    147    147    177    123    155    103    285    227
    221    187    315    139    341    123    157    161    249    193    151    249
    231    363    101    145    205    225    133    147    571     99    151    499
    323    127    249    101    187    127    131    187    151    145    199    251
    107    133    173    169    167    205    117    113    397    413    153    183
    545    191    115    169    505     95    119    213    267    201    189    155
    123    167    321    101    167    153    191    207    155    609    189    403
    211    259    155    773    579    113    405    105    113    121    127    141
    101    193    207    669    541    159    135    357    115    251    199    463
    139    115    307    163    153    121    131    125    163    139    209    185
    457    167    197     97    155    105    121    343    127    219    153    117
    167    271    293    191    167    213    167    145    259    147    761    157
    165    165    243    109    509    275    317    169    183    369    123    107
    441    163    163    217    209    949    219    119    105    151    177    203
    161    325    143    163    127    177    147    171    339    117    125    219
    191    205    263    479    107    193    143    259    125    253    251    187
    103    315    257    151    515    131    271    303    483    159    127    129
    159    255    169    169    121    177    187    451    123    205    227    215
    163    137    565    457    233    177    123    603    171    187    127    217
     91    195    175    191    111    163    593    229    117     89    109    211
    305    181    199    109    147    235     89    115    137    185    127     87
    133    133    209    159    151    147    139    243    349    167    225    169
    175    145    271    171    157    145    165    357    159    149    141    573
    209    189    109    545    463    137    297    181    117    165    155    129
    135    139    183    141    237    151    145    233    119    397    245    233
    155    215    167    191    157    253    171    305    155    185    141    541
    133    189    241    135    755    373    113    423    103    123    375    203
    191    209    277    137    107    255    177    173    207    271    189    179
    103    195    185    257    179    411    171    133    201    449    159    225
    189    411    201    187    183    277    191    497    307    115    201    161
    171    175    131    115    197    183    215    137    257    133    147    141
    319    115    197    149    109    111    143    469    187    273     93    145
    365    195    151    109    165    487    163    111    119    187    159    331
    239    227    181    453    225    135    167    119    247    223    171    197
    115    471    157    111    211    197    159    189    143    187    151    599
    173    129     97    127    133    183    135    105    199    315    297    269
    157    145    163    119    171    271    161    171    119    137     97    317
    123    203   1015    177    143    133    229    285    499    175    237    119
    261    117    183    105    119    159    281    111    243    253    159    131
    105    171    107    207    209    183    117     97     93    225    213    351
    207    171     99     89    407    233    223    175    217    159    129    139
    183    149    621    145    439    149    157    175    169    195    183    145
     97    209    161    117    213    127    211    155    229    117    293    191
    107    175    247    195    167    135     93    393    261    149    163    179
    159    191    161    111    731    141    179    215    255    129    251    129
    613    163    231    113    107    127    115    183    165    143    219    157
    481     99    175    147    129    585    135    169    123    159    391    227
    103    115    175    215     99    185    135    259    171    219    325    149
    505    129    185    117    153    111     93    157    281    245    201    293
    221    165    185    321    183    137    183    117    163    127    247    107
    147    105    123    229    111    429    169    241    165    213     97    183
    117     83     99    123    457    461    173    119    629    105    813    231
    151    127    235    195    147    449    263    557    343    157    175    139
    159    287    179    817    171    337     95    149    141    151    223    445
    179    249    225    163    491    161    213    135    175    599    223     91
    303    229    181     89    273    305    151    171    175    173    435    221
    197    269    411    159    131    167    117    113    161    213    255    183
    127    207    425    101    281    209    809    151    505    133    181    127
    485    157    279    331    489    261    449    205    527    209    145    177
    171    193    207    145    339    187    159    139    113    195    447     99
    311    217    125    249    137    125    989    193    169    165    135    125
    343    111    159    143    181    127    535    255    215    179    169    221
    121    187    463    229    161    187    143    105    163    119    141    431
    167    261    133    493    187    175    109    101    157    605    117    207
    137    303    119    441    193    119    121    173    131    229    233    347
    139    191    139    123    227    119    151    117    181    115    271    115
    133    119    609    153    221    177    231     95    165     97    101    173
    181    119    103     99    127    143    257    173    499    121    145    515
    131    171    151    381    127    655    173    107    201    329    167    187
    247    171    163    113     91    121    221    117    175    103    177    467
    211    143    107    787    127    119    259    493    831    163    165    651
    131    143    159    131    383    179    193    175    165    629    183    129
    167    191    119    217    129    153    413    265    117    247    191    129
    315    303    181    167   1113    171    109    237    153    141    115    175
    153    153    191    201    559     99    131    891    291    163    107    169
    109    111    269    107    165    219    181    215    127    107    187    159
    107    183    469    139    169    169    783    443    233    601    283    157
    105    195    135    123     91    135    173    153    309    239    177    501
    121    219    151    157    237    255     99    225     97    339    139    223
    407    237    177    209    213    141    195    155    131    223    229    161
    217    597    147    415    171    255    113    579    265    167     93    131
    169     83    131    955    265    189    161    653    191    193     95    531
    145    143    217    151    141    147    157    123    233    139     93    177
    177    659    605    429     99    155    189    155    595    285    403    131
    223    237    237    561    219    435    155    187    103    663    263    175
    551    161    205    257    167    669    221    295    219    141    107    231
    193    213    331    535    147    119    139    183    111    101    167    175
    333    149    191    141    179    177    247    553    257    213    171    151
    135    129     81    159    235    205    155    137    419    131    273    219
    171    145    227    217    179    145     97     99    173    165    703    143
    309    163    125    139    275    125    159    327    103    117     91     85
    125    255    145    287    209    155    245    159    419    167    107     87
    109    115    229    217    167    239     91    135    151     97    181    207
    161    483    145    633    113    497    247    289    169    521    143    113
    159    165    639    123    485    495    115    127    221    179    153    305
    181    157    307    113    225    203    159    217    197    615    189    309
    129    147    125    115    175    219    131    151    149    195    145    163
    203     89     95    207    423    185    265    127    193    175    263    105
    169    283    145    175    151    619    293    137    251    129    149    143
    193    127    115    137    445    211    201    115    133    203    127    127
    111    121    545    257    521    153    163    123    163    589    107    247
    141    183    201    213    111    107    223    111    449    145    115    151
    247    183    179    153    197    121    133    115    241    145    183    209
     85    175    171     93    161    121    187    205    207    185    209    163
    175    151    147    215    187    171    127    267    153    243    209    133
    101     85    227    171    501    171    141    703    455     95    193    319
    661    117    215    183    501    327    829    189    223    231    127    185
    183    135    197    623    603    297    183    165    201    121    295    111
    111     97    507    175    201    177    165    525    813    111    141    165
    231    153    179    207    163    187    619    321    223    309    189    381
    227    421    189    153    201    155    133    189    157    101    233    169
    201    161    163    727    145    229    115    315    553    227    145     93
    305    775    189    161    181    161    165    147     83    177    241    679
    119    301    211    163    193    307    249    113    281    139    197    195
    197    123    225    125     89    113    163    223    157    377    155    277
    143    261    109    181    201    167    125    241    181    155    181    239
    179    145     99    163    363    187     87    291    195    145    131    171
    607    123    153    107    135    121    255    167    219    187    203    139
    183    107    125    179    125    197    241     87    145    565    929    285
    213    147    193    107    201    201    585    123    157    153    195    243
     99    127    271    141    115     89    303    281    153    165     93    145
    133    201    121    191    121    161    115    177    195    133    189    615
    163    329    161    599    211    283    565    125    181    173    183    393
    247    211    181    261    121    165    227    477    123    121    239    479
    111    143     89    147    265    249    159    189    229    155    153    117
    143    623    113    341    209    129    179    173    155    129    507    133
    135    141    179    247    131    151    191    105    807    211    159    297
    195    147    117    455    161     93    501    263     95    217    151    227
    295    173    189    481    113    247    683    259    239    383    351    213
    555    185    507    219    121    217    217    249    593    715    227    189
    299    125    241    191    253     97    185    107    433    161    111    325
    111    249    195    217    125    223    117    201    205    271     89    283
    257    203    227    265    143    155    175    117    101    259    221    175
    149    135    245    181    161    143    403     95    713    361    133    589
    127    209    213    205    209    243    157    153    161    171    149    169
    107    147    231    261    177    567    107    117    561    295    349     97
    283    643    181    105    803    285     91    169    289    443    163    181
    219    845    695    163    417    107    201    143    197    233    173    131
    185    139    203    217    135    151    109    127    199    135    215    103
    141    117    173    111    159    475    211    181    157    107    467    217
    113    191    155    105     87    167    199    311    127    113    645    181
    109    149    327    171    125     85    131    231    465    293    221    189
    269    113    251    343    393    167    245    189    123    121    247    351
     95    189    179     97    119    155     93    191    101    645    167    277
    479    161    223    113    123    257    363    225    165    171    137    155
     95    157    173    125    249    295    385    239    551    477    251    177
    157    189    187    157    699    907    117     85    387    349    147    197
    187    195    153    131    139    289    121    133    235    145    189    273
     99    189    127    103    175    169     99    133    197    149     99    109
    117    111    233    187    133    197    159    105    133    113    159    215
    215    251     95    271    117    157    143    107    381    139    103    153
    189    165    251    103    175    359    139    151    205    161    545    181
    129    111    209    127    149    199    315    473    221    137    107    109
    101    135    145    157     97    111    113    191    121    149    275    137
    127    711    515    495    173     97    123    537    129    317    147    609
    175    155    103    157    181    595     81    131    155    637    541    131
     93    271    169    281    109    127    163    351    313    203    407    173
    521    143    181    273    123    175    113    175    489     99    773    199
    119    167     93    207    115    113    125    293    181    131    179    235
    191    209    101    191    129    141    211    561    361    285    205    213
    135   1065    121    207    149    425    245    183    125    113    253    111
     99    233    187    693    303    203    109    157    235    181    207    135
    181    155    399    149    163    269    705    231    157    157    175    105
    215    149    289    229    121    165    133    141    223    129    131    165
    469    151    543    187    299    171    253    595     97    147    197    177
    227    183     99    229    597    201    363    143    221    205    109    649
    891    185    131    209    149    225    215    609    133    195    195    233
    111    183    119    137    265    357    187    145     91    139    187    143
     97    221    135    263    161    121    525    141    297    249    101    159
    175    185    151    137    155    155    149    277    205     95    103    549
    193    127    187    519    307    121    181    195     99    581    157    145
    217    141    311    139    141     97    161    529    153    133    135    107
     95    169    169    117    157    259    147    415    115    145    367    197
    237    167    247    305    109    105    179    143    281    129    157    307
    361    231    141    211    213    169    105    165    139    181    157    185
    259    183    225    275    187    123     93    433    103    285    153    261
     91    181    523    505    111    237    193    151    225    173    203    157
    199    405    165    351    183    131    165    177    117    267    297    241
    207    119    425    153    297    591    103    183    127    151    405    115
    295    133    243    131    337    209    187    163    167    107    165    147
    181    115    203    171    547    503    539    273    157    189    185    343
    221    181    391    525    139     87    659    263    133    119    101    193
    251    111    267    209    167    637    139     85    223    179    259    509
    215     85    165    143    261    129    527    237    345    113    137    179
    147    437    415    137    173    179    243    219    181    473    123    119
    327    187    241    101    221    145    145   1019    129    251    217    207
    495    215    375    365    729    181    161    193    177    109    253    187
    137    157    143    173    183    211     91    235    511    155    135    219
    109    161    171    277    199    141    167    195    159    137    425    111
    215    353    151    223    191    127    131    193    235    113    115    211
    161    529    105    271    119    109    103    303    215    105    221    313
    179    235    505    337    617    137    183     95    137    207    249    133
    169    147    173    219    463    125    199    303    177    171    299    235
    173    311    125    149    239    153    173    161    111    489    183    361
    111    133    159    253    149    205    197    221     99    673    545    145
    201    111    189    337    159    131    219     93    127    211    147    141
    129    145    261    101     91    113    125    195    501    151    245    159
    119    143    203    221    171    121    171    215    197    129    457    277
     97    267    149    119    137    191    135    179    161    189    363     89
    181    111    227    161    193    201    171    191    143    129    603    227
    465     99    145    225     93    171    163    153    611    157    165    163
    127    185    197    123    483    169    135    197     95    169    187    133
    245    311    153    113    537    127    101    121    149    185    283    319
    535    165     99    267    313    185    161    373    103     97    197    107
    123    103    163    147    131    723    297    495    229    169    185    357
    147    585    201    145    115    129    123    375    167    151    121    165
    259    197     83    159    177    115    141    201    127    133    177    191
    133    149    141    231    101    145    777    249    153    149    195    185
    109    795    107    119    115    163    215    131    357    211    205    151
    127    263    201    205    181    273    109    197    165     99     97    153
    231    199    271    101    159    185    173    153    183    167    107    201
    121    247    703    131    201    107     89    123    575    101    231    101
    123    235    457     99    153    153    269    135    221    195    207    139
    217    213    171    191    771    341    191    145    101    219    251    151
     85    139    371    213    149    219    181    243    181    253    113    451
    139    103    625    127    135    117    141    139    127    129    247    115
    171    115    179    219    175    541    139    825    231    249    121    149
    109    247    711    463    413    153    971    237    149    115    487    259
    115    347    407    217    155    223    101    129    101    133    219    121
    175    169    137    125    193    257    191    525    179    295    187    143
    217    223    489    209     87    167    667    125    355    105    223    289
     95    119    207    175    281    261    205    129    165    179    233    193
    463    175    621    261     93    171    197    203    183    169    105    191
    201    123    147    185    265    233    123    165    521    163    121    147
    245    159    267    625    245    117    517    111     99    123     89    243
    205    515    891    211    117    185    129    289    157     99    177    259
    107    163    185    195    283    135     99    215    239    701    231    111
    199    347    321    681    129    295    181    183    171    317    157    183
    149    113    147    227    133    261    159    117    141    423    107    103
    211    181    139    141    169    179    139    219    133    379    539     95
    269    193     99    177    199    235    275    113    311    121    159    139
    115    135    177    197    173    199    139    169    155    341    187    587
    185    153    123    191    215    371    143    487    103    193    251    167
    183    359    385    185    559    149    209    129    229    185    169    125
     93    143    113    135    367    163    113    101    143    317    165    133
    111    465     97    153    147    115     91    141    677    301    309    291
    111    439    203     97    183    193    125    153    595    169    161    221
    143    781     99    125    125    275    183    111    515    285    195    103
    123    117    145    123    109    111    141    267    109    121    213    495
    147    207    173    161    163     83    179    821    121    149    115    119
    179    355    549    207     87    391    101    263    119    389    103    119
    235    187    227    167    165    805    209    371    149    129    329    167
    191    479     89    275    181    227    107    143    507    505    157    171
    195    135    105    149    189    137    177    187    157    161    147    201
    175    155    149    231    209    193    263    133    241    143    271    147
    139    139     97     95    131    435    221    289    185    107    199    189
    201    145    159    945    183    107    255    185    159    297    101    167
    273    611    157    281    133    181    167    227    307    509    193    163
    111    109    177    145    173    189    111    125    117    157    587    195
    157    285    207    309    151    475    107    489    205    139    245    137
    375    133    133    115    159    505    147    115    125    185    169    155
    295    233    219    171    267    193    281   1079    149    163    241    131
    553    269    579    123    207    123    157    375    129    211    129    183
    985     97    223    219    167    111    243    265    281    111    139    191
    169    369    563    177    169    599    197     91    233    109    121    111
    163    231    137    125    185    139    133    131    223     95    165    151
    149    863    115    133    119    731    143    261    121    117    151    471
    171    219    163    127    295    193    103    193     91    139     93    119
    477    183    389    183    103    117    175    879    219    133    107    183
    367    139    183    171    133    303    149    163    203    107    293    171
    303    535    123    237    131    285    169    193    171    141    157    351
    143    249    185    127    193    139     93    129    143    221    167    103
    245    299    131    127    199    179    807    155    209    161    333    153
    133    629    197    205    105    131    277    169    121    129    177    125
    153    265    471    309    123    189    427    165    101    165    177    131
    105    269    111    133    505    219    177    235    141    127    127    183
    661    307    329    897    193    119    603    225    101    207    629    193
    113    181    109    227    139    159    139    141    165    193    247    317
    393    157    119    199    247    231    115    121    197    201    203    337
    403    131    443    191    185    205    193    263    295    203    155    155
    253    857    125    223    727    153    125    347    149    139    477    159
    271    209    187    389    193    139    283    233    105    111     97    127
    115     93    301    125    181    143    217    245     93    181    735    197
    115    205    211    125    159    165    161    151    115    357    199    221
    275    457    169    171    163    205    223    147    137    137    191    127
    127    229    149    143    153    245    181     93    229    297    169    103
    117    135    117    705    493    129    169    129    135    135    223    327
    185    245    139    109    149    129    229    129    317     97    133    287
    639    169    193    269    209    131    181    161    249    145    283    135
    117    225    123    129    357    199    189    161     91    313    165    533
    163    133    199    127    237    131    141    115    263    143    101    473
    181    121     99    107    141    353    303    135    133    159    189    201
    197    411    107    123    245    191    151    193    599    193    147     99
    217    193    243    111    173    243    177    211    151    169    129    203
    489    105    155    203    353    193    257    189     87    505    151    229
    163    241    197    127    151    153    485    113    135    193    141    293
    173    215    263    201    121    269    147    177    147    425    183    221
    151    313    251    163    135    119    349    127    131    207    153    129
    303    213    179    123    413    143    145    103    259    157    271    527
    181    125    211    205    179    175    153    229    245    133    159    137
    119    543    113    111     99    247    121    159    161    175    137    143
    237    597    581    191    105    177    349    181    189    243    163    141
     87    115    153     87    247    323    199    163    185    163    383    355
    311    121    173    147    189    357    141    101    239    201    119    189
    429     97    183    153    733    103    211    243    255    127    187    175
    359    155    189    153    127    145    267    115    107    147    137    117
    109    243    101    207    181    135    113    197    103    129    145    167
    351     83    497    231    231    199    151    115    137    103    479     89
    235    115    857    185    175    115    115    153    151    187     93    199
    231    285    129    173    159    141    155    171    163    441    125    147
    199    283    185    261    173    193    407    431    111     99    135    165
    171     93    235    217    203    543    107    213    265    139    229    135
    161    243    173    139    177    555    625    173    745    153    141    143
    107    227    129    247    161    227    113    137    265    295    271    155
    621    135    199    107    191    179    187    143    155    557    153    165
    141   1047    197    175     97    179    505    177    159    159    197    133
    179    153    135    197    109    173    549    187    127    169    363    133
    221    215    139    135    147    167     99    153    393     97   1099    109
     99    177    159    153    141    259    123    149    209    103    415    157
    217    181    275    129    105    135    125    175     97    273    199    147
    519    197    151    225    121    223    157    197    219    109    175    121
    473    119    121    139    223    507    183    225    217    191    263    159
    107    195    191    195    149    195    137    829    483    245    119    199
    123    161    173    217    619    159    245    159    479    129    257    299
    167    257     99    209    189    153    195    105    149    301    161    343
    165    321    145    141    133    117    235    185    171    107    105    153
    109    163    161    109    137    169    173    143    347    171    109    135
    189    255    129    231     89    113     91    167    265    157    125    385
    219    209    193    105    321     99    185    337    173    187    209    691
    187    205    181    193    125    121    179    141    153    297    137    171
    127    199    165    225    121    223    209    619    147    137    115    181
    115    135    223     99    113    119    201    125    159    223    123    157
    253    143    217    725    153    187    171    181    463    153    301    149
    177    113    335    407    155    223    123    121    185    145    157    211
    505    249    151    143    253    169    157    151    241    135    163    161
    165    123    589    145    101    183    183    117   1239    119    157    195
    161    163    233    161    161    131    287    111     99    169    157    189
    153    105    131    201    183    249    231    127    119    201    155    207
    157    207    175    155    173    155    179    167    201    443     97    245
    187    147    113    107    115    131    171    433    139    283    111    413
    179    211    143    189    193    101    247     97    149    161    117    205
    469     91    115    185    189    119    339    253    157     97    459    133
    179    139    229    101    123    251    109    117    139    111    163    177
    171    135    223    171    383    523    191    141    123    269     91    157
    119    217    477    337     91    441    155    181    161    279    169    399
    103    115    363    169    105    141    105    163    105    179    241    131
    167    253    845    119    113    283    165    223    181    127    105    261
    141    283    395    103    471    241    163    149    113     97    173    117
    165    163    177    105    233    193    267    231    235    171    133    267
     97    151    117    145    213    131    133    159    457    233    129    139
    167    107    273    159    115    131    557    431    683    215     99    129
    189     93    141    161    211    235    103    121    423    137    237    127
    183    105    543    175    177    165    107    109    157    105    165    431
    589    145    425    109    145     83    141    145    555    125    229    145
    195    135    237    219    173    105    163    263    165    103    113    143
    521    209    103    229    145    191    199    201    341    137    519    151
    139    157    153    103    509    643    185    165    153    201    297    181
    307    113    183    151    107    119    431    127     99    133    171    151
    123    145    123     97    125    191    195    235    129    179    223    223
    209    181    649    101    563    227    239    341    159    165    159    175
    233    109    143    695    183    195    107    199    517     99    113    111
    189    123    105    211    383     99    157    369    285    129    187    191
    121    371    155    119    159    997    187    121    111    303    197    489
    161    163    147    577    159    221    201    183    143    659    105    221
    223    189    231    131    187    301    917     91     89    153    297    501
    109    569    169    173    127    121    671    289    243    187    107    147
    243    579    317    279    173    143    181    231    151    535    349     87
    147    129    137    625    145    667    199    423    199    359    143    229
    859    269     99    183    175    165    135    127    137    159    171    207
    143    201    213    227    211    179    139    195    185    589    149    625
    167    229    285    197    179    153    209    111    103    147    317    139
    137    221    349    455    105    107    203    247    241    183    477    143
    169    207    487    223    163    125    533    207    141    105    111    159
    169    167    689    137    151    231    123    157    131    137    325    213
    149    157    293    159    193    219    153   1039    321    167    215    161
    143    101     85    463    165    181    165    581    257    159    191    177
    359    163    217    119    119    113    113    169    215    189    133    131
    235    217    109    125    267    149    131    137    189    307    187    117
    121    195    693    603    323    113    177    231    153    169    101    223
    139    101    167    209    211    113    303    181    247    231     93    191
    201    623    201    271    229    221    197    163    173    163    429    167
    275    133    199    127    195    893    105    131    135    111    131    163
    159    257    457    217    143    231    285    213    217    423    131    171
    157    483    189    187    151    289    109    125    247    285    119    129
    103    313    181    141    189    211    185    199    227    359    183    131
    225    113     89    257    267    227    131    163    175    201    385    179
    225    135    145    111    147    223    185    131    163    299    101    221
    123    325    155    157    127    683    119    375    143    119    211    117
    181    115    121    145    187    125    547    775    123    239    207    139
     93    129    251    129     99    111    155    221    169    209    233    211
    133    145    149    499    161    111    155    115    173    125    271    225
    155    305    195    229    177    117    483    177    203     97    229    265
    111    207    173    239    127    251    177    205    127    155    631    233
    153    227    141    229    113    165    215    147    165    197    419    115
    387    105    215    337    139    193    101    131    235    271    813    113
    103    185    263    159    177    171    269    165    157    153    235    121
    143    227    175    121    161    597    507    159    115    675    181     99
    265    147     99    327    201    137    297    227    117    313    199    105
    547    231    321    195    355    221    169    139     99    153    703    371
     97     99    153    147    187    689    111    175    173    157    177    187
    155    623    225    141    353    217    175    207    203    147    111    175
    303    141    177    135    299    249    165    129    149    153    411    195
    193    591    157    231    101    135    165    141    189    167    179    161
     95    111    409    217    217    525    129    139    203    255    145    179
    495    101    117    135    183    123    185    201     97    245     99    583
    221    135    189    155    101    107    145    415    151    169    161    385
    141    135    103    167    155    125    191    133    143    143    223    155
    167    455    187    157    259    125    157    127    115    371    207    213
    319    193    201    253    239    165    175    223    147    119    429    403
    183    305    137    177    119    129    183    181    211    127    211    109
     83    115     99    197    185    253    119    499    231     97    331    641
    145    507    361    129    203    215    253    159    167    165    147    255
     97    189    143    279    241    159    115    159    215    223    245    157
    211    169    163    229    173    169    165    185    125    157    515    155
    247    337    275    239     91    113    241    123    195    145    255    141
    129    171    155    345    117    107    477    247    169    115    127    869
    115    165    297    141    243    273    115    353    145    171     95    481
    131    135    105    183    159    409    157    243     99    623    207    677
    425    139    227    245    183    131    161    163    251    117    277    393
    129    161    103    139    195    335    135    135    119    181    195    227
    313    251    105    119    267     91    119    325    119    147    109    145
    227    139    209    141    183    211    145    115    251    223    261    217
    117    153    265    175    107    183    305    159    561    179    139    271
    159    167    215    141    173    169    107    661    191    177    221    145
    183    139     99    147    151    231    215    239    117   1049    135    157
    105    233    157    449    177    395    163    167    217    177    213    239
    143    173   1111    169    269    681    261    189    101    197    207    139
    153    217    125    153    139    129    201    191    181     87     87     95
    177    175    641    141    221    199    249    137    157    195    127    203
    127    265    143    157    173    107    113    103    147    533     91    137
    157    271    171    147    149     93     97    209    137    133    143    223
    289    129    217    125    175    161    343    123    153    601    145    157
    163    129    165    153    157    203    219    121    361    209    315    187
    257    207    255    301    119    125    235    125    155    121    203    183
    289    121    185    273    121    167    275    169    127    201    163    137
    527    337    131    239    257    179    147     99    163    279    127    119
    165    343    453    205    207    171    155    111    107    225    163    201
    171    205    161    139    137     89    555    153    247    139    125    191
    199    101    167     95    161     83     99    391    111    283    439    175
    605    185    149    111    179    239    211    109    129    209    107    285
    161    259    107     99    189    143    437    109    223    229    165    205
    191    471    419    143    117    223    239    167    267    153    103    273
    171    197    131    121    165    221    205    203    383    175    249    123
    185    349    149    113    177    603    161    207    227    261    125    337
    341    165    525    207     89    137    171    171    179    177    169    139
    119    133    123    187    155    161    525    279     91    113    251    273
    207    189    163    255    133    165    153    435    111    147    197    149
    175     95    181    177    149    117    259    151    121    303    131    159
    111    165    167     97    107    183    115     83     97    119    167    985
    553    309    197    137    117    157    169    139
------------------------------------------------------------------------------------
avg num operations    217
num aborted trials      0
=== DONE x8192 =====================================================================
